gene,C,D,F
ENSRNOG00000061876,63.3327,51.869,55.0509
ENSRNOG00000061304,245.264,268.005,439.915
ENSRNOG00000061050,208.865,207.622,195.187
ENSRNOG00000060262,449.383,624.599,555.942
ENSRNOG00000060063,74.2699,70.1815,79.3738
ENSRNOG00000060045,644.645,698.217,684.726
ENSRNOG00000059202,1062.65,1128.59,1205.68
ENSRNOG00000059061,2902.06,2349.97,2395.22
ENSRNOG00000058694,343.314,303.698,338.881
ENSRNOG00000058249,6411.58,6766.19,6430.78
ENSRNOG00000057988,1100.38,1079.23,874.998
ENSRNOG00000057814,692.569,640.418,656.515
ENSRNOG00000057628,386.991,517.832,448.707
ENSRNOG00000057620,651.657,559.754,465.32
ENSRNOG00000057367,1811.1,1897.27,1436.49
ENSRNOG00000057102,1037.27,1033.82,1016.59
ENSRNOG00000057042,92.3872,86.7855,78.1623
ENSRNOG00000056728,800.69,786.606,768.48
ENSRNOG00000056596,232.555,314.776,272.264
ENSRNOG00000056457,184.511,150.307,128.662
ENSRNOG00000056398,516.198,470.059,466.309
ENSRNOG00000056246,796.934,991.603,739.857
ENSRNOG00000055672,246.228,228.797,220.315
ENSRNOG00000055572,1283.15,1348.13,1188.64
ENSRNOG00000055450,65.483,65.2948,57.2162
ENSRNOG00000055295,153.982,124.838,117.341
ENSRNOG00000055221,272.324,255.242,280.049
ENSRNOG00000055049,121.015,66.1961,66.7674
ENSRNOG00000054770,184.479,167.887,153.229
ENSRNOG00000054757,90.3375,80.7675,63.5428
ENSRNOG00000054549,387.03,354.291,309.578
ENSRNOG00000054157,108.57,113.937,105.873
ENSRNOG00000052704,90.9375,100.637,109.292
ENSRNOG00000052564,90.2915,82.2829,54.6909
ENSRNOG00000052506,451.818,415.519,445.775
ENSRNOG00000052289,1064.94,1047.52,994.617
ENSRNOG00000051860,145.049,116.302,107.136
ENSRNOG00000051490,199.566,169.934,152.232
ENSRNOG00000051232,935.982,915.11,949.005
ENSRNOG00000051151,193.884,184.998,171.171
ENSRNOG00000050843,533.668,628.473,727.971
ENSRNOG00000050534,174.803,107.009,117.789
ENSRNOG00000050315,74.6954,59.1471,51.3803
ENSRNOG00000050277,138.7,142.416,116.879
ENSRNOG00000050057,100.617,117.762,88.0928
ENSRNOG00000049604,155.059,130.479,120.14
ENSRNOG00000049560,921.221,903.402,1000.4
ENSRNOG00000049281,374.407,441.258,398.101
ENSRNOG00000049110,95.414,89.6121,85.8486
ENSRNOG00000049056,473.391,444.722,316.436
ENSRNOG00000048812,807.48,770.756,628.39
ENSRNOG00000048174,1333.27,1024.95,845.002
ENSRNOG00000047796,473.306,402.805,404.475
ENSRNOG00000047734,157.93,152.04,115.335
ENSRNOG00000047656,377.987,425.409,322.522
ENSRNOG00000047493,338.126,293.386,317.066
ENSRNOG00000046984,96.5896,81.7155,74.4669
ENSRNOG00000046975,1310.07,1302.14,1154.71
ENSRNOG00000046947,269.319,335.403,301.582
ENSRNOG00000046891,1286.26,1328.05,1090.09
ENSRNOG00000046889,6863.9,4936.69,4515.92
ENSRNOG00000046493,164.33,176.234,158.693
ENSRNOG00000046357,911.718,917.998,869.087
ENSRNOG00000046345,903.398,856.261,767.946
ENSRNOG00000046258,158.821,139.776,138.481
ENSRNOG00000046159,566.329,542.43,460.252
ENSRNOG00000045752,79.0652,71.9463,65.2545
ENSRNOG00000045636,1373.81,1438.9,1437.88
ENSRNOG00000045605,374.357,401.531,355.832
ENSRNOG00000043377,3191.52,3267.85,2774.35
ENSRNOG00000043094,700.658,686.132,653.278
ENSRNOG00000042419,2761.42,2786.56,3341.93
ENSRNOG00000042359,571.74,541.661,561.533
ENSRNOG00000042289,796.627,952.949,1039.87
ENSRNOG00000042224,102.488,113.282,118.47
ENSRNOG00000042044,334.737,315.847,270.818
ENSRNOG00000040287,104.752,96.3601,98.8304
ENSRNOG00000039980,3721.16,3748.52,3493.49
ENSRNOG00000039850,2247.32,1681,1746.06
ENSRNOG00000039576,63.5867,66.5177,58.4107
ENSRNOG00000039551,591.346,573.604,614.563
ENSRNOG00000039300,424.217,462.719,480.659
ENSRNOG00000038085,432.507,540.233,513.5
ENSRNOG00000038001,468.412,431.047,311.305
ENSRNOG00000037695,654.724,761.058,767.836
ENSRNOG00000036814,508.217,470.039,388.044
ENSRNOG00000036742,1220.51,1430.6,1333.62
ENSRNOG00000036693,98.2048,75.0178,66.5609
ENSRNOG00000036689,1098.97,955.209,721.749
ENSRNOG00000036686,384.286,320.455,247.765
ENSRNOG00000036684,184.194,168.506,131.395
ENSRNOG00000034191,187.108,158.208,147.872
ENSRNOG00000034116,122.999,128.814,118.482
ENSRNOG00000034084,82.1588,85.1812,90.1751
ENSRNOG00000033824,120.562,104.829,111.098
ENSRNOG00000033663,114.791,128.833,121.221
ENSRNOG00000033623,409.229,347.263,353.886
ENSRNOG00000033206,284.485,327.505,321.81
ENSRNOG00000033119,265.15,242.62,268.862
ENSRNOG00000032908,168.776,168.258,135.113
ENSRNOG00000032798,367.415,304.727,282.506
ENSRNOG00000032659,341.521,303.218,360.195
ENSRNOG00000032381,70.1282,60.4618,68.3592
ENSRNOG00000032297,1603.37,1661.25,1650.76
ENSRNOG00000032204,6064.87,5545.64,5802.67
ENSRNOG00000032134,2401.09,2274.6,1828.52
ENSRNOG00000031965,846.996,772.239,656.891
ENSRNOG00000031766,23375,23230.5,23095.1
ENSRNOG00000031612,207.588,222.189,198.226
ENSRNOG00000031208,77.8956,76.1988,61.3751
ENSRNOG00000030862,536.205,675.22,606.794
ENSRNOG00000030654,133.294,138.21,128.102
ENSRNOG00000030630,89.3681,102.482,77.4718
ENSRNOG00000030269,148.724,229.071,207.911
ENSRNOG00000030216,86.4754,82.2018,79.6007
ENSRNOG00000030183,166.412,161.893,168.523
ENSRNOG00000030019,8305.44,9692.7,7804.65
ENSRNOG00000029778,1074.99,870.279,785.379
ENSRNOG00000029549,498.364,519.56,529.813
ENSRNOG00000029318,4490.4,3380.9,3482.53
ENSRNOG00000029178,299.046,395.916,296.628
ENSRNOG00000029077,178.92,126.429,100.68
ENSRNOG00000028844,203.46,238.275,281.373
ENSRNOG00000028711,108.414,119.086,105.533
ENSRNOG00000028623,68.1269,73.7342,73.6281
ENSRNOG00000028557,425.689,498.12,512.13
ENSRNOG00000028448,554.083,462.516,401.338
ENSRNOG00000028292,156.463,152.563,130.93
ENSRNOG00000028156,161.528,148.48,138.625
ENSRNOG00000027919,142.87,166.417,166.904
ENSRNOG00000027739,117.544,92.5042,88.2749
ENSRNOG00000027228,78.9075,123.795,127.549
ENSRNOG00000026842,162.002,133.734,155.73
ENSRNOG00000026745,904.176,1199.39,1258.25
ENSRNOG00000026705,68.2344,48.4577,57.7369
ENSRNOG00000026497,330.892,324.744,349.124
ENSRNOG00000026163,139.833,165.183,140.896
ENSRNOG00000025372,397.835,423.441,428.876
ENSRNOG00000025286,64.7309,62.2876,68.1563
ENSRNOG00000025274,471.534,412.744,392.433
ENSRNOG00000025121,264.945,407.193,337.113
ENSRNOG00000025053,247.722,237.595,173.036
ENSRNOG00000024886,69.9939,64.9866,68.5753
ENSRNOG00000024801,87.9109,78.4849,73.8234
ENSRNOG00000024629,666.498,694.476,527.308
ENSRNOG00000024577,284.968,226.948,201.813
ENSRNOG00000024563,64.8679,68.145,69.8645
ENSRNOG00000024410,156.958,123.217,115.948
ENSRNOG00000024144,2330.37,2732.19,2446.87
ENSRNOG00000024128,1569.88,1640.51,1334.99
ENSRNOG00000024112,269.546,381.004,350.421
ENSRNOG00000023910,290.181,270.359,233.888
ENSRNOG00000023778,924.505,1036.46,983.955
ENSRNOG00000023520,172.126,202.968,148.077
ENSRNOG00000023150,2208.03,2342.85,1736.49
ENSRNOG00000022980,1370.46,1541.83,1433.84
ENSRNOG00000022967,62.6293,70.3056,71.3309
ENSRNOG00000022943,71.7571,76.3367,66.2036
ENSRNOG00000022922,495.051,623.864,589.029
ENSRNOG00000022480,135.629,159.944,127.394
ENSRNOG00000022274,79.1264,90.7834,96.0902
ENSRNOG00000022273,619.432,541.224,461.201
ENSRNOG00000021347,137.575,141.169,151.879
ENSRNOG00000021314,1187.52,1230.23,1092.61
ENSRNOG00000021273,193.142,157.478,211.12
ENSRNOG00000021262,123.503,125.622,125.537
ENSRNOG00000021233,253.721,239.307,254.599
ENSRNOG00000021143,155.539,157.544,164.178
ENSRNOG00000021032,206.814,205.511,174.235
ENSRNOG00000021024,214.289,218.661,218.81
ENSRNOG00000020989,400.23,378.432,314.576
ENSRNOG00000020956,142.246,147.576,138.138
ENSRNOG00000020902,235.372,262.775,162.423
ENSRNOG00000020812,147.025,151.62,119.006
ENSRNOG00000020776,253.995,291.87,252.543
ENSRNOG00000020723,274.761,249.491,322.365
ENSRNOG00000020696,543.881,471.821,452.331
ENSRNOG00000020650,264.83,357.234,274.918
ENSRNOG00000020642,105.668,113.122,105.837
ENSRNOG00000020577,1006.89,1060.22,949.302
ENSRNOG00000020481,113.772,103.753,80.3533
ENSRNOG00000020480,1806.13,1495.27,1564.39
ENSRNOG00000020479,632.555,551.617,654.656
ENSRNOG00000020361,253.436,262.067,189.469
ENSRNOG00000020308,937.925,952.291,804.178
ENSRNOG00000020288,263.901,277.034,244.705
ENSRNOG00000020263,159.769,199.831,149.668
ENSRNOG00000020216,73.5144,78.8133,72.7373
ENSRNOG00000020202,474.133,312.36,280.175
ENSRNOG00000020179,95.7335,106.609,87.6708
ENSRNOG00000020140,226.651,223.516,161.787
ENSRNOG00000020038,269.756,272.736,192.9
ENSRNOG00000019996,851.237,910.156,772.629
ENSRNOG00000019982,75.6383,82.5162,60.4755
ENSRNOG00000019946,90.6106,87.7227,77.2316
ENSRNOG00000019900,94.9363,83.4534,72.078
ENSRNOG00000019804,415.42,361.506,315.415
ENSRNOG00000019741,97.6987,95.2183,75.9643
ENSRNOG00000019659,298.52,240.051,239.713
ENSRNOG00000019656,68.3893,57.3613,57.2973
ENSRNOG00000019655,1085.62,1012.75,863.278
ENSRNOG00000019630,94.1012,81.6812,79.5222
ENSRNOG00000019573,114.999,103.114,82.7296
ENSRNOG00000019560,123.554,138.818,116.846
ENSRNOG00000019550,77.654,78.9782,70.1326
ENSRNOG00000019490,101.004,104.83,80.7917
ENSRNOG00000019372,81.7459,81.0148,61.1852
ENSRNOG00000019361,10332.5,10277.2,10209.1
ENSRNOG00000019342,911.458,763.14,732.598
ENSRNOG00000019328,833.524,608.815,567.768
ENSRNOG00000019240,149.69,169.171,155.759
ENSRNOG00000019228,178.669,203.216,165.781
ENSRNOG00000019212,363.298,291.865,269.434
ENSRNOG00000019205,122.33,118.718,108.995
ENSRNOG00000019180,1037.77,1116.1,1036.36
ENSRNOG00000019143,588.792,480.507,501.263
ENSRNOG00000019120,239.879,275.78,241.045
ENSRNOG00000019118,159.476,107.261,92.3403
ENSRNOG00000019077,458.007,464.814,462.975
ENSRNOG00000019048,700.385,797.583,690.924
ENSRNOG00000018982,362.979,425.912,346.268
ENSRNOG00000018964,152.164,159.102,152.808
ENSRNOG00000018944,96.4438,109.926,103.317
ENSRNOG00000018911,363.954,439.018,431.211
ENSRNOG00000018904,747.924,669.593,792.759
ENSRNOG00000018898,235.917,274.208,234.512
ENSRNOG00000018838,176.278,198.68,142.273
ENSRNOG00000018824,115.039,97.9806,81.1585
ENSRNOG00000018755,1068.13,1174.15,1100.46
ENSRNOG00000018740,116.843,99.3543,96.7252
ENSRNOG00000018662,185.713,201.294,201.819
ENSRNOG00000018655,180.445,194.104,167.38
ENSRNOG00000018610,355.852,364.279,316.581
ENSRNOG00000018569,977.391,1020.29,918.115
ENSRNOG00000018567,1823.57,1907.6,1840.07
ENSRNOG00000018536,151.712,144.91,119.601
ENSRNOG00000018507,607.326,641.748,606.443
ENSRNOG00000018487,631.42,616.667,513.158
ENSRNOG00000018441,464.485,569.075,470.612
ENSRNOG00000018367,1312.13,1149.99,962.731
ENSRNOG00000018326,114.772,99.7441,68.3719
ENSRNOG00000018282,2260.69,1954.25,1734.03
ENSRNOG00000018281,1262.8,1280.18,1070.87
ENSRNOG00000018262,200.49,275.773,270.901
ENSRNOG00000018239,76.2247,71.8367,58.5572
ENSRNOG00000018211,528.757,498.439,412.657
ENSRNOG00000018170,676.21,674.862,490.058
ENSRNOG00000018145,193.398,213.828,198.363
ENSRNOG00000018126,815.216,697.077,772.437
ENSRNOG00000018114,298.237,305.259,244.028
ENSRNOG00000018105,392.031,387.797,368.61
ENSRNOG00000018077,478.069,475.812,431.611
ENSRNOG00000018053,218.671,199.876,153.867
ENSRNOG00000018044,1482,1440.91,1720.99
ENSRNOG00000017932,299.34,372.915,349.481
ENSRNOG00000017854,306.197,237.76,195.358
ENSRNOG00000017851,931.163,749.773,673.407
ENSRNOG00000017840,244.64,270.716,242.966
ENSRNOG00000017780,81.2906,67.9658,55.8403
ENSRNOG00000017777,216.12,202.134,169.875
ENSRNOG00000017752,128.116,130.353,137.173
ENSRNOG00000017737,707.055,698.419,540.892
ENSRNOG00000017731,229.9,211.471,201.818
ENSRNOG00000017723,729.504,722.029,709.982
ENSRNOG00000017663,81.709,93.3511,88.232
ENSRNOG00000017659,517.35,574.469,600.595
ENSRNOG00000017619,344.585,152.387,143.079
ENSRNOG00000017601,278.27,232.088,219.574
ENSRNOG00000017496,2225.18,1761.09,1315.38
ENSRNOG00000017494,66.1862,50.8434,42.6313
ENSRNOG00000017481,2242.99,2200.27,2152.18
ENSRNOG00000017291,283.311,254.663,272.105
ENSRNOG00000017250,188.673,242.058,159.587
ENSRNOG00000017235,3031.17,3160.24,2425.84
ENSRNOG00000017220,71.2972,61.0265,68.4965
ENSRNOG00000017188,65.2051,68.0752,58.4412
ENSRNOG00000017163,3723.94,4522.41,4275.6
ENSRNOG00000017105,82.9875,73.7252,81.2585
ENSRNOG00000017097,204.792,212.342,210.549
ENSRNOG00000017022,293.881,275.902,297.802
ENSRNOG00000017012,62.0145,57.7636,57.5134
ENSRNOG00000016980,97.7452,90.3738,98.5967
ENSRNOG00000016936,133.212,127.36,110.302
ENSRNOG00000016924,2497.72,2544.56,2490.39
ENSRNOG00000016846,128.439,117.695,115.139
ENSRNOG00000016838,134.109,95.9429,95.9048
ENSRNOG00000016807,689.019,636.047,636.747
ENSRNOG00000016791,105.283,97.5593,88.4197
ENSRNOG00000016767,148.332,130.042,146.517
ENSRNOG00000016727,5676.69,5785.39,5070.1
ENSRNOG00000016690,1845.84,1448.56,1512.69
ENSRNOG00000016670,882.388,912.253,890.283
ENSRNOG00000016552,9302.02,9439.04,9283.76
ENSRNOG00000016484,244.424,238.68,212.796
ENSRNOG00000016384,112.24,112.846,107.396
ENSRNOG00000016372,171.575,184.866,150.891
ENSRNOG00000016361,263.861,264.463,229.186
ENSRNOG00000016356,1128.22,1321.47,996.873
ENSRNOG00000016327,227.975,186.876,173.391
ENSRNOG00000016321,556.884,665.353,554.914
ENSRNOG00000016265,122.543,123.346,115.526
ENSRNOG00000016214,403.752,455.278,414.563
ENSRNOG00000016207,95.7014,94.7131,58.2674
ENSRNOG00000016163,131.335,115.557,105.21
ENSRNOG00000016147,1853.83,1960.97,1682.6
ENSRNOG00000016122,934.002,1021.89,879.77
ENSRNOG00000016064,1520.22,1376.75,1163.99
ENSRNOG00000015991,630.128,712.144,686.829
ENSRNOG00000015971,2170.02,1777.77,1816.97
ENSRNOG00000015912,208.709,203.075,218.47
ENSRNOG00000015895,380.595,333.118,380.239
ENSRNOG00000015869,83.9317,71.5256,76.9426
ENSRNOG00000015859,110.458,87.3052,87.5706
ENSRNOG00000015857,793.823,734.954,610.786
ENSRNOG00000015840,490.045,462.791,440.305
ENSRNOG00000015749,73.726,61.8059,55.5169
ENSRNOG00000015741,169.761,201.218,195.313
ENSRNOG00000015686,724.726,699.958,612.215
ENSRNOG00000015644,169.249,178.601,199.942
ENSRNOG00000015591,311.032,309.356,258.209
ENSRNOG00000015582,159.605,155.411,165.904
ENSRNOG00000015551,231.393,245.463,234.749
ENSRNOG00000015550,7072.68,4996.97,4344.23
ENSRNOG00000015538,67.7951,71.1671,68.5859
ENSRNOG00000015518,102.306,69.761,82.1851
ENSRNOG00000015514,3171.52,3853.49,3346.32
ENSRNOG00000015511,327.637,365.263,300.425
ENSRNOG00000015267,183.588,196.52,195.821
ENSRNOG00000015233,1451.48,1270.09,1251.44
ENSRNOG00000015226,96.7436,90.1861,85.0306
ENSRNOG00000015206,64.6077,70.1316,68.1629
ENSRNOG00000015187,134.152,134.749,102.503
ENSRNOG00000015158,402.97,422.845,461.032
ENSRNOG00000015079,571.892,540.606,410.384
ENSRNOG00000015076,342.629,334.461,392.997
ENSRNOG00000015029,130.497,163.315,170.481
ENSRNOG00000015020,2719.49,2734.59,2737.99
ENSRNOG00000014915,87.0437,87.7584,80.146
ENSRNOG00000014856,1890.62,2092.31,1932.54
ENSRNOG00000014776,102.312,124.197,119.999
ENSRNOG00000014766,202.507,205.533,204.954
ENSRNOG00000014743,968.373,1130.82,984.12
ENSRNOG00000014718,307.966,326.213,324.71
ENSRNOG00000014713,124.956,123.856,96.1304
ENSRNOG00000014702,1502.7,1469.4,1467.39
ENSRNOG00000014690,134.141,129.622,110.785
ENSRNOG00000014645,254.882,210.494,198.461
ENSRNOG00000014573,1425.3,1650.88,1664.51
ENSRNOG00000014522,103.35,103.308,85.9953
ENSRNOG00000014508,1101.31,857.214,807.43
ENSRNOG00000014461,1128.01,999.165,856.922
ENSRNOG00000014369,158.565,171.837,155.551
ENSRNOG00000014347,428.674,455.032,339.01
ENSRNOG00000014323,158.345,188.652,183.343
ENSRNOG00000014311,148.655,137.915,130.831
ENSRNOG00000014254,656.35,758.279,692.329
ENSRNOG00000014178,245.361,265.823,275.61
ENSRNOG00000014168,162.607,156.303,169.928
ENSRNOG00000014050,167.663,153.767,145.076
ENSRNOG00000014044,93.2737,106.749,96.3486
ENSRNOG00000013994,61.2404,63.2485,57.4535
ENSRNOG00000013971,250.65,216.752,200.073
ENSRNOG00000013968,506.044,470.382,456.958
ENSRNOG00000013949,305.038,280.55,309.062
ENSRNOG00000013945,63.4176,68.2272,67.0883
ENSRNOG00000013911,134.672,128.953,101.588
ENSRNOG00000013816,2931.65,3300.79,3167.17
ENSRNOG00000013791,103.291,93.2429,102.609
ENSRNOG00000013766,566.78,457.591,438.979
ENSRNOG00000013751,313.348,350.042,322.861
ENSRNOG00000013604,4502.82,4032.66,2790.18
ENSRNOG00000013594,148.986,174.586,146.615
ENSRNOG00000013521,76.4887,69.5257,78.4831
ENSRNOG00000013520,859.044,879.109,835.409
ENSRNOG00000013409,724.948,819.062,883.883
ENSRNOG00000013376,67.9588,72.919,56.3495
ENSRNOG00000013331,1527.63,1511.47,1423.09
ENSRNOG00000013293,95.1534,93.7477,92.1239
ENSRNOG00000013229,61.3151,55.9274,64.2126
ENSRNOG00000013141,1709.92,2003.62,1700.99
ENSRNOG00000013110,228.043,177.257,187.985
ENSRNOG00000013024,448.417,477.162,692.687
ENSRNOG00000013009,2421.51,2724.15,2061.66
ENSRNOG00000013000,5889.66,5879.76,5366.67
ENSRNOG00000012966,900.667,930.124,865.849
ENSRNOG00000012953,178.45,157.405,163.16
ENSRNOG00000012853,70.9552,73.417,66.9624
ENSRNOG00000012698,325.05,277.524,288.171
ENSRNOG00000012665,84.637,93.2458,93.78
ENSRNOG00000012559,540.401,499.595,440.002
ENSRNOG00000012550,3237.41,2943.51,2914.76
ENSRNOG00000012549,794.857,844.006,1001.49
ENSRNOG00000012536,580.066,606.801,579.496
ENSRNOG00000012457,2436.65,2713.84,2341.65
ENSRNOG00000012375,195.052,217.297,218.27
ENSRNOG00000012325,1480.82,1525.79,1357.23
ENSRNOG00000012295,151.126,151.661,121.401
ENSRNOG00000012292,65.225,93.4928,87.3499
ENSRNOG00000012183,1024.43,1049.01,1111.19
ENSRNOG00000012181,82.0467,65.2102,58.8843
ENSRNOG00000012091,680.235,587.438,653.18
ENSRNOG00000012019,646.979,713.562,881.809
ENSRNOG00000011929,118.81,92.6422,94.3189
ENSRNOG00000011913,103.11,118.46,105.861
ENSRNOG00000011905,1724.58,1739.17,1511.87
ENSRNOG00000011892,260.209,221.252,196.846
ENSRNOG00000011891,1981.76,2399.12,1882.99
ENSRNOG00000011820,433.168,526.959,557.569
ENSRNOG00000011782,1573.82,1897.23,1581.36
ENSRNOG00000011778,167.748,163.518,165.059
ENSRNOG00000011714,109.83,98.7301,86.5181
ENSRNOG00000011684,1317.67,1354.82,1183.22
ENSRNOG00000011648,243.517,241.08,190.502
ENSRNOG00000011617,166.405,154.326,149.091
ENSRNOG00000011573,258.708,233.309,240.514
ENSRNOG00000011535,561.86,570.079,502.947
ENSRNOG00000011513,178.057,199.03,178.089
ENSRNOG00000011467,288.886,301.016,293.57
ENSRNOG00000011452,2583.98,2891.16,2674.98
ENSRNOG00000011419,276.725,288.317,268.336
ENSRNOG00000011417,132.155,136.579,118.175
ENSRNOG00000011381,601.892,490.086,388.607
ENSRNOG00000011366,130.844,153.026,137.402
ENSRNOG00000011361,229.151,257.82,193.602
ENSRNOG00000011329,2458.08,2913.41,2374.01
ENSRNOG00000011311,1560.61,1522.29,1271.55
ENSRNOG00000011310,219.886,246.553,218.807
ENSRNOG00000011227,463.344,347.519,320.706
ENSRNOG00000011189,286.902,199.844,173.836
ENSRNOG00000011184,180.194,85.7001,89.8693
ENSRNOG00000011164,91.5539,100.737,98.0606
ENSRNOG00000011150,341.648,269.07,283.862
ENSRNOG00000011146,2234.68,2408.6,2353.49
ENSRNOG00000010993,1160.54,1143.99,1243.44
ENSRNOG00000010958,850.182,889.121,822.795
ENSRNOG00000010872,1191.8,1194.83,858.592
ENSRNOG00000010830,5495.02,5730.52,4809.03
ENSRNOG00000010800,2254.19,2172.65,1969.34
ENSRNOG00000010697,388.437,359.57,263.993
ENSRNOG00000010633,484.972,508.364,542.11
ENSRNOG00000010592,85.8113,138.468,141.385
ENSRNOG00000010580,2457.84,2589.15,2341.32
ENSRNOG00000010482,348.08,407.086,383.784
ENSRNOG00000010438,228.703,250.126,200.219
ENSRNOG00000010390,149.881,149.052,129.134
ENSRNOG00000010296,350.677,372.204,304.923
ENSRNOG00000010284,173.768,159.476,115.33
ENSRNOG00000010277,989.406,1086.15,925.269
ENSRNOG00000010252,539.185,438.323,399.398
ENSRNOG00000010196,135.628,122.454,97.6308
ENSRNOG00000010133,690.124,584.481,540.309
ENSRNOG00000010034,441.808,435.975,441.24
ENSRNOG00000010023,382.958,392.018,421.17
ENSRNOG00000009982,482.909,418.394,363.29
ENSRNOG00000009980,1485.78,1675.33,1596.42
ENSRNOG00000009974,340.999,397.325,331.542
ENSRNOG00000009963,423.199,439.439,469.783
ENSRNOG00000009928,176.419,182.184,189.507
ENSRNOG00000009889,344.447,361.472,322.402
ENSRNOG00000009850,106.177,102.057,102.06
ENSRNOG00000009845,311.763,311.16,274.575
ENSRNOG00000009799,296.105,345.519,309.38
ENSRNOG00000009773,959.979,1116.76,1195.28
ENSRNOG00000009751,73.1713,51.7264,44.0262
ENSRNOG00000009736,81.8269,82.8587,55.4306
ENSRNOG00000009715,1122.07,1228.94,1159.99
ENSRNOG00000009629,322.155,379.992,354.784
ENSRNOG00000009592,1314.77,1428.4,1028.04
ENSRNOG00000009570,85.1597,107.108,68.159
ENSRNOG00000009550,961.235,991.413,883.782
ENSRNOG00000009548,203.68,206.885,181.2
ENSRNOG00000009538,156.781,161.882,141.497
ENSRNOG00000009513,4709.85,3940.82,3143.84
ENSRNOG00000009512,958.158,843.05,823.234
ENSRNOG00000009421,157.882,166.153,105.924
ENSRNOG00000009345,568.864,492.517,334.262
ENSRNOG00000009330,191.176,213.307,253.465
ENSRNOG00000009325,807.465,676.006,683.348
ENSRNOG00000009289,162.96,187.664,170
ENSRNOG00000009267,365.219,345.079,352.372
ENSRNOG00000009090,1031.75,904.082,764.323
ENSRNOG00000009088,230.753,269.478,244.82
ENSRNOG00000009080,3543.8,3344.75,3596.83
ENSRNOG00000008988,72.2796,70.8649,64.7963
ENSRNOG00000008945,261.215,292.297,269.561
ENSRNOG00000008944,166.685,188.257,150.947
ENSRNOG00000008908,174.653,154.997,170.479
ENSRNOG00000008851,255.062,287.42,239.173
ENSRNOG00000008843,235.655,175.644,175.886
ENSRNOG00000008837,317.325,424.714,320.154
ENSRNOG00000008755,650.321,691.302,648.764
ENSRNOG00000008572,183.419,181.523,191.559
ENSRNOG00000008451,928.416,871.172,836.587
ENSRNOG00000008364,1430.08,1662.24,1707.96
ENSRNOG00000008305,2371.75,2417.82,2391.74
ENSRNOG00000008289,5538.13,6054.16,5255.73
ENSRNOG00000008283,349.106,388.671,320.507
ENSRNOG00000008236,412.127,360.38,318.993
ENSRNOG00000008169,2313.07,2571.93,2572.02
ENSRNOG00000008117,224.161,210.248,211.344
ENSRNOG00000008116,2278.62,2237.71,2193.88
ENSRNOG00000008106,289.949,348.283,267.332
ENSRNOG00000008103,6042.9,6321.54,5699.62
ENSRNOG00000008079,965.392,937.699,953.846
ENSRNOG00000008063,884.994,799.218,820.591
ENSRNOG00000008047,60.1962,70.5449,57.502
ENSRNOG00000008035,238.805,210.52,236.174
ENSRNOG00000008012,67.5592,70.6545,62.7887
ENSRNOG00000007982,165.618,174.383,154.086
ENSRNOG00000007967,2266.07,2266.17,1976.91
ENSRNOG00000007951,263.247,339.933,312.37
ENSRNOG00000007895,1557.55,1839.69,1693.65
ENSRNOG00000007862,249.201,264.706,202.126
ENSRNOG00000007839,79.7453,82.7254,78.6027
ENSRNOG00000007804,573.811,567.331,583.339
ENSRNOG00000007775,2256.85,2221.39,2331.53
ENSRNOG00000007763,369.082,374.394,310.127
ENSRNOG00000007743,1199.18,1102.83,1184.49
ENSRNOG00000007732,214.556,253.426,221.956
ENSRNOG00000007688,408.761,415.773,597.468
ENSRNOG00000007546,357.433,468.936,410.263
ENSRNOG00000007492,784.482,765.679,695.115
ENSRNOG00000007427,127.619,140.646,125.491
ENSRNOG00000007419,1190.94,945.285,900.465
ENSRNOG00000007351,311.594,270.75,292.911
ENSRNOG00000007316,1695.55,1733.78,1376.32
ENSRNOG00000007290,5344.22,4500.47,4437.39
ENSRNOG00000007284,301.719,254.545,215.741
ENSRNOG00000007242,169.2,172.924,199.034
ENSRNOG00000007234,2703.23,2324.17,2198.02
ENSRNOG00000007120,184.008,184.678,185.893
ENSRNOG00000007102,106.834,95.7366,80.8497
ENSRNOG00000007081,76.6454,83.01,85.8269
ENSRNOG00000007006,3288.12,6372.54,7637.2
ENSRNOG00000006947,160.433,172.389,178.716
ENSRNOG00000006871,84.9117,83.8588,87.5003
ENSRNOG00000006787,1989.74,2149.07,1604.1
ENSRNOG00000006779,639.828,668.44,723.727
ENSRNOG00000006744,359.667,349.834,358.94
ENSRNOG00000006681,131.17,122.544,130.152
ENSRNOG00000006615,294.781,349.503,452.989
ENSRNOG00000006527,165.092,130.166,124.296
ENSRNOG00000006388,227.656,219.175,232.946
ENSRNOG00000006369,1438.78,1758.37,1597.54
ENSRNOG00000006364,827.199,1031.23,937.687
ENSRNOG00000006331,73.6549,99.5796,66.7537
ENSRNOG00000006305,1990.56,2473.6,2575.17
ENSRNOG00000006302,75.3941,95.5132,94.6399
ENSRNOG00000006010,69.2732,56.9349,48.7326
ENSRNOG00000005987,85.0258,85.5483,93.6764
ENSRNOG00000005981,182.19,177.207,166.902
ENSRNOG00000005930,81.3303,68.5795,72.8518
ENSRNOG00000005905,77.0189,85.6953,75.5984
ENSRNOG00000005849,202.436,213.233,212.169
ENSRNOG00000005686,331.526,254.658,244.293
ENSRNOG00000005602,186.563,194.01,182.428
ENSRNOG00000005587,1216.68,1207.25,1118.98
ENSRNOG00000005424,602.69,639.777,449.345
ENSRNOG00000005358,473.071,455.199,341.94
ENSRNOG00000005335,124.94,144.756,153.444
ENSRNOG00000005260,685.722,786.802,694.085
ENSRNOG00000005248,300.076,342.346,308.338
ENSRNOG00000005196,190.432,206.475,186.777
ENSRNOG00000005193,140.177,152.251,139.66
ENSRNOG00000005175,386.304,401.057,339.881
ENSRNOG00000005061,329.596,319.729,314.657
ENSRNOG00000004903,165.22,138.534,121.246
ENSRNOG00000004846,762.334,787.502,718.306
ENSRNOG00000004810,176.699,172.554,138.434
ENSRNOG00000004494,433.754,440.707,392.171
ENSRNOG00000004481,2124.03,2261.9,2250.82
ENSRNOG00000004257,210.384,225.048,225.411
ENSRNOG00000004234,326.249,389.471,399.172
ENSRNOG00000004089,87.1637,74.1273,87.0609
ENSRNOG00000004040,343.044,316.319,312.438
ENSRNOG00000004027,248.342,207.489,180.176
ENSRNOG00000004026,1505.34,1610.22,1778.53
ENSRNOG00000003999,105.254,132.799,117.595
ENSRNOG00000003917,110.327,126.529,114.63
ENSRNOG00000003875,150.637,180.27,185.065
ENSRNOG00000003869,643.994,455.896,357.548
ENSRNOG00000003835,200.112,248.607,208.672
ENSRNOG00000003815,421.531,474.575,365.067
ENSRNOG00000003809,2386.76,1902.41,1644.31
ENSRNOG00000003773,461.448,502.021,389.504
ENSRNOG00000003728,118.816,133.77,123.683
ENSRNOG00000003653,711.901,730.872,677.162
ENSRNOG00000003520,3826.25,3732.9,3008.66
ENSRNOG00000003515,162.846,176.976,142.422
ENSRNOG00000003385,648.502,597.913,652.697
ENSRNOG00000003307,370.437,340.682,338.749
ENSRNOG00000003289,131.153,150.361,147.416
ENSRNOG00000003269,551.518,507.587,468.153
ENSRNOG00000003267,132.476,127.816,108.847
ENSRNOG00000003253,1338.32,1400.91,1154.19
ENSRNOG00000003235,154.339,182.481,188.1
ENSRNOG00000003177,575.649,622.229,627.595
ENSRNOG00000003163,409.451,370.506,336.649
ENSRNOG00000003134,152.045,155.29,161.126
ENSRNOG00000003049,629.312,567.73,450.823
ENSRNOG00000003031,317.903,288.307,294.882
ENSRNOG00000002949,555.054,571.016,534.353
ENSRNOG00000002934,5124.05,6143.22,6175.68
ENSRNOG00000002928,968.898,876.098,815.866
ENSRNOG00000002926,183.491,185.029,171.762
ENSRNOG00000002898,87.7252,91.097,89.2096
ENSRNOG00000002896,358.182,354.825,301.992
ENSRNOG00000002848,1479,1386.64,1341
ENSRNOG00000002839,175.679,227.883,214.867
ENSRNOG00000002826,249.826,264.797,289.115
ENSRNOG00000002755,6553.41,6686.46,6630.23
ENSRNOG00000002693,1781.28,1685.8,1456.64
ENSRNOG00000002643,182.933,173.359,180.084
ENSRNOG00000002615,70.2989,65.2876,54.1182
ENSRNOG00000002378,1112.31,1401.04,1301.61
ENSRNOG00000002342,1005.07,1039.74,918.145
ENSRNOG00000002338,101.721,115.447,117.212
ENSRNOG00000002186,343.013,282.454,249.541
ENSRNOG00000002185,135.131,171.917,189.235
ENSRNOG00000002177,293.352,321.654,323.777
ENSRNOG00000002115,2489.19,1886.6,1712.35
ENSRNOG00000002051,2090.33,2507.23,2325.25
ENSRNOG00000001992,2192.32,2350.61,2600.52
ENSRNOG00000001889,969.942,846.324,877.709
ENSRNOG00000001823,340.021,329.49,324.193
ENSRNOG00000001797,134.722,133.935,118.129
ENSRNOG00000001762,321.833,349.377,319.738
ENSRNOG00000001654,157.194,158.246,187.851
ENSRNOG00000001653,74.8792,82.2591,79.5979
ENSRNOG00000001440,1485.71,1592.55,1481.48
ENSRNOG00000001417,224.146,209.081,195.979
ENSRNOG00000001344,468.029,373.157,285.578
ENSRNOG00000001252,83.553,93.1987,81.5565
ENSRNOG00000001214,169.054,187.661,122.65
ENSRNOG00000001205,322.293,438.654,430.473
ENSRNOG00000000981,77.5729,82.577,71.7302
ENSRNOG00000000967,209.195,218.631,190.378
ENSRNOG00000000962,107.787,135.176,113.466
ENSRNOG00000000925,85.2365,89.9473,92.3688
ENSRNOG00000000924,665.631,798.831,798.713
ENSRNOG00000000913,85.7744,71.4017,70.0236
ENSRNOG00000000840,778.878,923.198,882.182
ENSRNOG00000000800,71.6412,67.7542,62.2865
ENSRNOG00000000729,66.6981,66.6768,63.6974
ENSRNOG00000000609,201.02,201.415,192.202
ENSRNOG00000000605,72.7265,95.8888,91.6252
ENSRNOG00000000585,550.057,557.334,518.749
ENSRNOG00000000566,345.191,325.577,293.984
ENSRNOG00000000565,234.457,277.415,256.433
ENSRNOG00000000557,1970.18,1754.05,1694.63
ENSRNOG00000000541,1599.43,1499.8,1343.87
ENSRNOG00000000466,126.794,120.177,122.382
ENSRNOG00000000437,99.4512,78.1908,66.6449
ENSRNOG00000000186,132.748,113.34,101.088
ENSRNOG00000000185,133.134,94.9375,85.4373
ENSRNOG00000000168,663.661,647.697,554.561
ENSRNOG00000000158,714.189,627.566,685.177
ENSRNOG00000000122,181.247,142.603,117.474
ENSRNOG00000000108,248.485,222.017,239.173
ENSRNOG00000000043,104.503,109.68,93.6491
ENSRNOG00000013271,0,0,0
ENSRNOG00000061883,0,0,0
ENSRNOG00000013279,0,0,0
ENSRNOG00000003880,0,0,0
ENSRNOG00000002229,0,0,0
ENSRNOG00000020828,0,0,0
ENSRNOG00000018276,0,0,0
ENSRNOG00000050214,0,0,0
ENSRNOG00000010079,0,0,0
ENSRNOG00000003918,0,0,0
ENSRNOG00000009577,0,0,0
ENSRNOG00000004839,0,0,0
ENSRNOG00000020624,0,0,0
ENSRNOG00000005307,0,0,0
ENSRNOG00000016962,0,0,0
ENSRNOG00000018853,0,0,0
ENSRNOG00000053811,0,0,0
ENSRNOG00000012616,0,0,0
ENSRNOG00000037225,0,0,0
ENSRNOG00000037229,0,0,0
ENSRNOG00000029922,0,0,0
ENSRNOG00000017766,0,0,0
ENSRNOG00000011250,0,0,0
ENSRNOG00000014018,0,0,0
ENSRNOG00000000065,0,0,0
ENSRNOG00000018076,0,0,0
ENSRNOG00000026157,0,0,0
ENSRNOG00000011039,0,0,0
ENSRNOG00000004302,0,0,0
ENSRNOG00000010811,0,0,0
ENSRNOG00000055222,0,0,0
ENSRNOG00000016381,0,0,0
ENSRNOG00000055557,0,0,0
ENSRNOG00000000251,0,0,0
ENSRNOG00000000257,0,0,0
ENSRNOG00000003070,0,0,0
ENSRNOG00000019651,0,0,0
ENSRNOG00000008798,0,0,0
ENSRNOG00000008310,0,0,0
ENSRNOG00000008312,0,0,0
ENSRNOG00000008641,0,0,0
ENSRNOG00000060749,0,0,0
ENSRNOG00000008648,0,0,0
ENSRNOG00000016097,0,0,0
ENSRNOG00000016093,0,0,0
ENSRNOG00000000471,0,0,0
ENSRNOG00000006367,0,0,0
ENSRNOG00000005947,0,0,0
ENSRNOG00000007415,0,0,0
ENSRNOG00000001324,0,0,0
ENSRNOG00000015948,0,0,0
ENSRNOG00000056524,0,0,0
ENSRNOG00000006096,0,0,0
ENSRNOG00000002305,0,0,0
ENSRNOG00000005284,0,0,0
ENSRNOG00000021128,0,0,0
ENSRNOG00000013045,0,0,0
ENSRNOG00000013048,0,0,0
ENSRNOG00000033059,0,0,0
ENSRNOG00000050201,0,0,0
ENSRNOG00000005223,0,0,0
ENSRNOG00000050205,0,0,0
ENSRNOG00000054212,0,0,0
ENSRNOG00000002128,0,0,0
ENSRNOG00000054962,0,0,0
ENSRNOG00000027767,0,0,0
ENSRNOG00000026474,0,0,0
ENSRNOG00000004150,0,0,0
ENSRNOG00000010065,0,0,0
ENSRNOG00000010064,0,0,0
ENSRNOG00000017286,0,0,0
ENSRNOG00000032959,0,0,0
ENSRNOG00000048661,0,0,0
ENSRNOG00000009031,0,0,0
ENSRNOG00000017593,0,0,0
ENSRNOG00000004972,0,0,0
ENSRNOG00000017597,0,0,0
ENSRNOG00000029938,0,0,0
ENSRNOG00000048506,0,0,0
ENSRNOG00000019014,0,0,0
ENSRNOG00000023428,0,0,0
ENSRNOG00000002781,0,0,0
ENSRNOG00000045947,0,0,0
ENSRNOG00000003296,0,0,0
ENSRNOG00000016625,0,0,0
ENSRNOG00000008121,0,0,0
ENSRNOG00000046962,0,0,0
ENSRNOG00000021265,0,0,0
ENSRNOG00000019718,0,0,0
ENSRNOG00000016403,0,0,0
ENSRNOG00000013004,0,0,0
ENSRNOG00000017976,0,0,0
ENSRNOG00000019005,0,0,0
ENSRNOG00000033915,0,0,0
ENSRNOG00000014226,0,0,0
ENSRNOG00000012891,0,0,0
ENSRNOG00000012892,0,0,0
ENSRNOG00000012090,0,0,0
ENSRNOG00000003069,0,0,0
ENSRNOG00000016573,0,0,0
ENSRNOG00000029397,0,0,0
ENSRNOG00000012876,0,0,0
ENSRNOG00000007778,0,0,0
ENSRNOG00000013704,0,0,0
ENSRNOG00000022268,0,0,0
ENSRNOG00000015063,0,0,0
ENSRNOG00000022288,0,0,0
ENSRNOG00000008871,0,0,0
ENSRNOG00000024634,0,0,0
ENSRNOG00000052010,0,0,0
ENSRNOG00000021009,0,0,0
ENSRNOG00000056021,0,0,0
ENSRNOG00000001338,0,0,0
ENSRNOG00000050286,0,0,0
ENSRNOG00000003244,0,0,0
ENSRNOG00000017114,0,0,0
ENSRNOG00000002331,0,0,0
ENSRNOG00000021130,0,0,0
ENSRNOG00000021644,0,0,0
ENSRNOG00000024457,0,0,0
ENSRNOG00000015159,0,0,0
ENSRNOG00000001796,0,0,0
ENSRNOG00000003332,0,0,0
ENSRNOG00000017020,0,0,0
ENSRNOG00000042649,0,0,0
ENSRNOG00000020606,0,0,0
ENSRNOG00000020607,0,0,0
ENSRNOG00000009515,0,0,0
ENSRNOG00000014516,0,0,0
ENSRNOG00000049970,0,0,0
ENSRNOG00000050655,0,0,0
ENSRNOG00000005367,0,0,0
ENSRNOG00000010128,0,0,0
ENSRNOG00000054378,0,0,0
ENSRNOG00000031367,0,0,0
ENSRNOG00000050780,0,0,0
ENSRNOG00000022210,0,0,0
ENSRNOG00000028526,0,0,0
ENSRNOG00000009020,0,0,0
ENSRNOG00000005569,0,0,0
ENSRNOG00000037753,0,0,0
ENSRNOG00000058337,0,0,0
ENSRNOG00000003884,0,0,0
ENSRNOG00000031189,0,0,0
ENSRNOG00000025930,0,0,0
ENSRNOG00000017741,0,0,0
ENSRNOG00000010833,0,0,0
ENSRNOG00000018382,0,0,0
ENSRNOG00000026177,0,0,0
ENSRNOG00000059753,0,0,0
ENSRNOG00000017637,0,0,0
ENSRNOG00000017635,0,0,0
ENSRNOG00000003400,0,0,0
ENSRNOG00000046958,0,0,0
ENSRNOG00000050860,0,0,0
ENSRNOG00000018656,0,0,0
ENSRNOG00000018125,0,0,0
ENSRNOG00000048243,0,0,0
ENSRNOG00000008064,0,0,0
ENSRNOG00000019830,0,0,0
ENSRNOG00000012344,0,0,0
ENSRNOG00000009994,0,0,0
ENSRNOG00000012083,0,0,0
ENSRNOG00000008514,0,0,0
ENSRNOG00000008209,0,0,0
ENSRNOG00000032942,0,0,0
ENSRNOG00000007142,0,0,0
ENSRNOG00000007147,0,0,0
ENSRNOG00000002810,0,0,0
ENSRNOG00000003650,0,0,0
ENSRNOG00000045738,0,0,0
ENSRNOG00000013600,0,0,0
ENSRNOG00000013932,0,0,0
ENSRNOG00000020035,0,0,0
ENSRNOG00000020032,0,0,0
ENSRNOG00000011992,0,0,0
ENSRNOG00000042731,0,0,0
ENSRNOG00000020721,0,0,0
ENSRNOG00000030771,0,0,0
ENSRNOG00000036960,0,0,0
ENSRNOG00000001492,0,0,0
ENSRNOG00000009239,0,0,0
ENSRNOG00000005794,0,0,0
ENSRNOG00000030111,0,0,0
ENSRNOG00000058652,0,0,0
ENSRNOG00000037815,0,0,0
ENSRNOG00000015677,0,0,0
ENSRNOG00000005576,0,0,0
ENSRNOG00000020039,0,0,0
ENSRNOG00000009019,0,0,0
ENSRNOG00000049929,0,0,0
ENSRNOG00000050841,0,0,0
ENSRNOG00000018267,0,0,0
ENSRNOG00000049724,0,0,0
ENSRNOG00000003601,0,0,0
ENSRNOG00000052810,0,0,0
ENSRNOG00000012037,0,0,0
ENSRNOG00000011193,0,0,0
ENSRNOG00000014117,0,0,0
ENSRNOG00000047945,0,0,0
ENSRNOG00000032513,0,0,0
ENSRNOG00000018644,0,0,0
ENSRNOG00000002697,0,0,0
ENSRNOG00000016173,0,0,0
ENSRNOG00000008474,0,0,0
ENSRNOG00000016776,0,0,0
ENSRNOG00000008074,0,0,0
ENSRNOG00000047708,0,0,0
ENSRNOG00000010914,0,0,0
ENSRNOG00000019604,0,0,0
ENSRNOG00000019609,0,0,0
ENSRNOG00000017821,0,0,0
ENSRNOG00000008432,0,0,0
ENSRNOG00000046546,0,0,0
ENSRNOG00000000512,0,0,0
ENSRNOG00000055451,0,0,0
ENSRNOG00000008694,0,0,0
ENSRNOG00000019518,0,0,0
ENSRNOG00000000428,0,0,0
ENSRNOG00000046727,0,0,0
ENSRNOG00000056228,0,0,0
ENSRNOG00000052070,0,0,0
ENSRNOG00000012458,0,0,0
ENSRNOG00000013103,0,0,0
ENSRNOG00000013102,0,0,0
ENSRNOG00000029528,0,0,0
ENSRNOG00000006116,0,0,0
ENSRNOG00000046057,0,0,0
ENSRNOG00000013585,0,0,0
ENSRNOG00000013581,0,0,0
ENSRNOG00000010291,0,0,0
ENSRNOG00000020995,0,0,0
ENSRNOG00000059461,0,0,0
ENSRNOG00000057578,0,0,0
ENSRNOG00000056553,0,0,0
ENSRNOG00000051904,0,0,0
ENSRNOG00000024181,0,0,0
ENSRNOG00000013030,0,0,0
ENSRNOG00000001465,0,0,0
ENSRNOG00000028616,0,0,0
ENSRNOG00000001261,0,0,0
ENSRNOG00000028879,0,0,0
ENSRNOG00000014443,0,0,0
ENSRNOG00000042536,0,0,0
ENSRNOG00000006926,0,0,0
ENSRNOG00000053850,0,0,0
ENSRNOG00000000196,0,0,0
ENSRNOG00000005341,0,0,0
ENSRNOG00000015880,0,0,0
ENSRNOG00000009797,0,0,0
ENSRNOG00000009005,0,0,0
ENSRNOG00000004502,0,0,0
ENSRNOG00000010210,0,0,0
ENSRNOG00000011618,0,0,0
ENSRNOG00000011612,0,0,0
ENSRNOG00000016837,0,0,0
ENSRNOG00000014692,0,0,0
ENSRNOG00000020401,0,0,0
ENSRNOG00000002916,0,0,0
ENSRNOG00000015478,0,0,0
ENSRNOG00000011501,0,0,0
ENSRNOG00000011182,0,0,0
ENSRNOG00000010698,0,0,0
ENSRNOG00000016348,0,0,0
ENSRNOG00000052247,0,0,0
ENSRNOG00000033076,0,0,0
ENSRNOG00000052802,0,0,0
ENSRNOG00000019039,0,0,0
ENSRNOG00000014276,0,0,0
ENSRNOG00000019036,0,0,0
ENSRNOG00000003510,0,0,0
ENSRNOG00000012060,0,0,0
ENSRNOG00000019612,0,0,0
ENSRNOG00000017901,0,0,0
ENSRNOG00000017908,0,0,0
ENSRNOG00000027037,0,0,0
ENSRNOG00000012205,0,0,0
ENSRNOG00000019500,0,0,0
ENSRNOG00000016239,0,0,0
ENSRNOG00000013624,0,0,0
ENSRNOG00000000435,0,0,0
ENSRNOG00000006320,0,0,0
ENSRNOG00000012443,0,0,0
ENSRNOG00000007989,0,0,0
ENSRNOG00000012337,0,0,0
ENSRNOG00000025042,0,0,0
ENSRNOG00000046261,0,0,0
ENSRNOG00000056810,0,0,0
ENSRNOG00000013954,0,0,0
ENSRNOG00000013950,0,0,0
ENSRNOG00000046195,0,0,0
ENSRNOG00000020985,0,0,0
ENSRNOG00000033162,0,0,0
ENSRNOG00000053448,0,0,0
ENSRNOG00000014870,0,0,0
ENSRNOG00000008890,0,0,0
ENSRNOG00000020743,0,0,0
ENSRNOG00000003164,0,0,0
ENSRNOG00000051970,0,0,0
ENSRNOG00000011881,0,0,0
ENSRNOG00000006583,0,0,0
ENSRNOG00000014471,0,0,0
ENSRNOG00000050620,0,0,0
ENSRNOG00000006916,0,0,0
ENSRNOG00000027697,0,0,0
ENSRNOG00000009250,0,0,0
ENSRNOG00000057180,0,0,0
ENSRNOG00000020563,0,0,0
ENSRNOG00000010597,0,0,0
ENSRNOG00000010598,0,0,0
ENSRNOG00000031665,0,0,0
ENSRNOG00000031662,0,0,0
ENSRNOG00000016827,0,0,0
ENSRNOG00000016826,0,0,0
ENSRNOG00000020410,0,0,0
ENSRNOG00000014684,0,0,0
ENSRNOG00000010378,0,0,0
ENSRNOG00000019481,0,0,0
ENSRNOG00000017660,0,0,0
ENSRNOG00000011404,0,0,0
ENSRNOG00000019730,0,0,0
ENSRNOG00000049676,0,0,0
ENSRNOG00000016758,0,0,0
ENSRNOG00000016753,0,0,0
ENSRNOG00000016750,0,0,0
ENSRNOG00000003567,0,0,0
ENSRNOG00000004245,0,0,0
ENSRNOG00000003620,0,0,0
ENSRNOG00000046852,0,0,0
ENSRNOG00000012055,0,0,0
ENSRNOG00000025454,0,0,0
ENSRNOG00000012831,0,0,0
ENSRNOG00000019979,0,0,0
ENSRNOG00000052051,0,0,0
ENSRNOG00000016223,0,0,0
ENSRNOG00000047213,0,0,0
ENSRNOG00000060604,0,0,0
ENSRNOG00000025691,0,0,0
ENSRNOG00000003759,0,0,0
ENSRNOG00000012302,0,0,0
ENSRNOG00000021355,0,0,0
ENSRNOG00000019752,0,0,0
ENSRNOG00000038258,0,0,0
ENSRNOG00000013547,0,0,0
ENSRNOG00000014866,0,0,0
ENSRNOG00000021680,0,0,0
ENSRNOG00000020951,0,0,0
ENSRNOG00000020775,0,0,0
ENSRNOG00000011351,0,0,0
ENSRNOG00000036951,0,0,0
ENSRNOG00000001115,0,0,0
ENSRNOG00000009488,0,0,0
ENSRNOG00000020083,0,0,0
ENSRNOG00000013304,0,0,0
ENSRNOG00000005923,0,0,0
ENSRNOG00000005291,0,0,0
ENSRNOG00000058193,0,0,0
ENSRNOG00000006878,0,0,0
ENSRNOG00000014075,0,0,0
ENSRNOG00000054423,0,0,0
ENSRNOG00000059579,0,0,0
ENSRNOG00000036571,0,0,0
ENSRNOG00000008931,0,0,0
ENSRNOG00000020420,0,0,0
ENSRNOG00000005727,0,0,0
ENSRNOG00000014675,0,0,0
ENSRNOG00000019470,0,0,0
ENSRNOG00000011561,0,0,0
ENSRNOG00000014783,0,0,0
ENSRNOG00000028047,0,0,0
ENSRNOG00000010940,0,0,0
ENSRNOG00000023856,0,0,0
ENSRNOG00000019183,0,0,0
ENSRNOG00000011781,0,0,0
ENSRNOG00000019189,0,0,0
ENSRNOG00000059622,0,0,0
ENSRNOG00000026132,0,0,0
ENSRNOG00000045997,0,0,0
ENSRNOG00000004258,0,0,0
ENSRNOG00000015306,0,0,0
ENSRNOG00000046864,0,0,0
ENSRNOG00000007509,0,0,0
ENSRNOG00000007059,0,0,0
ENSRNOG00000018764,0,0,0
ENSRNOG00000026649,0,0,0
ENSRNOG00000048623,0,0,0
ENSRNOG00000008422,0,0,0
ENSRNOG00000015232,0,0,0
ENSRNOG00000047023,0,0,0
ENSRNOG00000009597,0,0,0
ENSRNOG00000016253,0,0,0
ENSRNOG00000008885,0,0,0
ENSRNOG00000028368,0,0,0
ENSRNOG00000008553,0,0,0
ENSRNOG00000017810,0,0,0
ENSRNOG00000015124,0,0,0
ENSRNOG00000019412,0,0,0
ENSRNOG00000013794,0,0,0
ENSRNOG00000005957,0,0,0
ENSRNOG00000006675,0,0,0
ENSRNOG00000012315,0,0,0
ENSRNOG00000028092,0,0,0
ENSRNOG00000027229,0,0,0
ENSRNOG00000033529,0,0,0
ENSRNOG00000013573,0,0,0
ENSRNOG00000003384,0,0,0
ENSRNOG00000017311,0,0,0
ENSRNOG00000006460,0,0,0
ENSRNOG00000015781,0,0,0
ENSRNOG00000002142,0,0,0
ENSRNOG00000011071,0,0,0
ENSRNOG00000018822,0,0,0
ENSRNOG00000031061,0,0,0
ENSRNOG00000031067,0,0,0
ENSRNOG00000008479,0,0,0
ENSRNOG00000061832,0,0,0
ENSRNOG00000006807,0,0,0
ENSRNOG00000003960,0,0,0
ENSRNOG00000004646,0,0,0
ENSRNOG00000004645,0,0,0
ENSRNOG00000051171,0,0,0
ENSRNOG00000055103,0,0,0
ENSRNOG00000008475,0,0,0
ENSRNOG00000031263,0,0,0
ENSRNOG00000059362,0,0,0
ENSRNOG00000015421,0,0,0
ENSRNOG00000055078,0,0,0
ENSRNOG00000002969,0,0,0
ENSRNOG00000005420,0,0,0
ENSRNOG00000000145,0,0,0
ENSRNOG00000049298,0,0,0
ENSRNOG00000052455,0,0,0
ENSRNOG00000016337,0,0,0
ENSRNOG00000049693,0,0,0
ENSRNOG00000032394,0,0,0
ENSRNOG00000016798,0,0,0
ENSRNOG00000019086,0,0,0
ENSRNOG00000019080,0,0,0
ENSRNOG00000008099,0,0,0
ENSRNOG00000015262,0,0,0
ENSRNOG00000047697,0,0,0
ENSRNOG00000023538,0,0,0
ENSRNOG00000032487,0,0,0
ENSRNOG00000002701,0,0,0
ENSRNOG00000012142,0,0,0
ENSRNOG00000043513,0,0,0
ENSRNOG00000012960,0,0,0
ENSRNOG00000008544,0,0,0
ENSRNOG00000045742,0,0,0
ENSRNOG00000045743,0,0,0
ENSRNOG00000001957,0,0,0
ENSRNOG00000002636,0,0,0
ENSRNOG00000006641,0,0,0
ENSRNOG00000007467,0,0,0
ENSRNOG00000023612,0,0,0
ENSRNOG00000002488,0,0,0
ENSRNOG00000026875,0,0,0
ENSRNOG00000053430,0,0,0
ENSRNOG00000021150,0,0,0
ENSRNOG00000001736,0,0,0
ENSRNOG00000003370,0,0,0
ENSRNOG00000017302,0,0,0
ENSRNOG00000001130,0,0,0
ENSRNOG00000057089,0,0,0
ENSRNOG00000020849,0,0,0
ENSRNOG00000014405,0,0,0
ENSRNOG00000009599,0,0,0
ENSRNOG00000004890,0,0,0
ENSRNOG00000042884,0,0,0
ENSRNOG00000013215,0,0,0
ENSRNOG00000054286,0,0,0
ENSRNOG00000005250,0,0,0
ENSRNOG00000003973,0,0,0
ENSRNOG00000009730,0,0,0
ENSRNOG00000009045,0,0,0
ENSRNOG00000027797,0,0,0
ENSRNOG00000015751,0,0,0
ENSRNOG00000020440,0,0,0
ENSRNOG00000015439,0,0,0
ENSRNOG00000049045,0,0,0
ENSRNOG00000025883,0,0,0
ENSRNOG00000018215,0,0,0
ENSRNOG00000023238,0,0,0
ENSRNOG00000000177,0,0,0
ENSRNOG00000017693,0,0,0
ENSRNOG00000017695,0,0,0
ENSRNOG00000015321,0,0,0
ENSRNOG00000040120,0,0,0
ENSRNOG00000019890,0,0,0
ENSRNOG00000003551,0,0,0
ENSRNOG00000055714,0,0,0
ENSRNOG00000004078,0,0,0
ENSRNOG00000019098,0,0,0
ENSRNOG00000018543,0,0,0
ENSRNOG00000019096,0,0,0
ENSRNOG00000012027,0,0,0
ENSRNOG00000003554,0,0,0
ENSRNOG00000023162,0,0,0
ENSRNOG00000015325,0,0,0
ENSRNOG00000019943,0,0,0
ENSRNOG00000001890,0,0,0
ENSRNOG00000033348,0,0,0
ENSRNOG00000003709,0,0,0
ENSRNOG00000042084,0,0,0
ENSRNOG00000022946,0,0,0
ENSRNOG00000012972,0,0,0
ENSRNOG00000012794,0,0,0
ENSRNOG00000022305,0,0,0
ENSRNOG00000017872,0,0,0
ENSRNOG00000032745,0,0,0
ENSRNOG00000028235,0,0,0
ENSRNOG00000006653,0,0,0
ENSRNOG00000021302,0,0,0
ENSRNOG00000047314,0,0,0
ENSRNOG00000053404,0,0,0
ENSRNOG00000001701,0,0,0
ENSRNOG00000021090,0,0,0
ENSRNOG00000006729,0,0,0
ENSRNOG00000001388,0,0,0
ENSRNOG00000013428,0,0,0
ENSRNOG00000056658,0,0,0
ENSRNOG00000005138,0,0,0
ENSRNOG00000009661,0,0,0
ENSRNOG00000005130,0,0,0
ENSRNOG00000021521,0,0,0
ENSRNOG00000030880,0,0,0
ENSRNOG00000027498,0,0,0
ENSRNOG00000004710,0,0,0
ENSRNOG00000050374,0,0,0
ENSRNOG00000057256,0,0,0
ENSRNOG00000001092,0,0,0
ENSRNOG00000013223,0,0,0
ENSRNOG00000061857,0,0,0
ENSRNOG00000059540,0,0,0
ENSRNOG00000017512,0,0,0
ENSRNOG00000020450,0,0,0
ENSRNOG00000010337,0,0,0
ENSRNOG00000002948,0,0,0
ENSRNOG00000004448,0,0,0
ENSRNOG00000011200,0,0,0
ENSRNOG00000029061,0,0,0
ENSRNOG00000018200,0,0,0
ENSRNOG00000000167,0,0,0
ENSRNOG00000000165,0,0,0
ENSRNOG00000015354,0,0,0
ENSRNOG00000002832,0,0,0
ENSRNOG00000016311,0,0,0
ENSRNOG00000000572,0,0,0
ENSRNOG00000011068,0,0,0
ENSRNOG00000037476,0,0,0
ENSRNOG00000022576,0,0,0
ENSRNOG00000019932,0,0,0
ENSRNOG00000054724,0,0,0
ENSRNOG00000011598,0,0,0
ENSRNOG00000011599,0,0,0
ENSRNOG00000039859,0,0,0
ENSRNOG00000021886,0,0,0
ENSRNOG00000019843,0,0,0
ENSRNOG00000008707,0,0,0
ENSRNOG00000007069,0,0,0
ENSRNOG00000000281,0,0,0
ENSRNOG00000002616,0,0,0
ENSRNOG00000029333,0,0,0
ENSRNOG00000019448,0,0,0
ENSRNOG00000029330,0,0,0
ENSRNOG00000036828,0,0,0
ENSRNOG00000046239,0,0,0
ENSRNOG00000010938,0,0,0
ENSRNOG00000007395,0,0,0
ENSRNOG00000020138,0,0,0
ENSRNOG00000053410,0,0,0
ENSRNOG00000013982,0,0,0
ENSRNOG00000003132,0,0,0
ENSRNOG00000019626,0,0,0
ENSRNOG00000013436,0,0,0
ENSRNOG00000014672,0,0,0
ENSRNOG00000001153,0,0,0
ENSRNOG00000001712,0,0,0
ENSRNOG00000007931,0,0,0
ENSRNOG00000002194,0,0,0
ENSRNOG00000018903,0,0,0
ENSRNOG00000010451,0,0,0
ENSRNOG00000005655,0,0,0
ENSRNOG00000010265,0,0,0
ENSRNOG00000042950,0,0,0
ENSRNOG00000009930,0,0,0
ENSRNOG00000014511,0,0,0
ENSRNOG00000029637,0,0,0
ENSRNOG00000005275,0,0,0
ENSRNOG00000018940,0,0,0
ENSRNOG00000009712,0,0,0
ENSRNOG00000009625,0,0,0
ENSRNOG00000009620,0,0,0
ENSRNOG00000030983,0,0,0
ENSRNOG00000014185,0,0,0
ENSRNOG00000032238,0,0,0
ENSRNOG00000017434,0,0,0
ENSRNOG00000005479,0,0,0
ENSRNOG00000014745,0,0,0
ENSRNOG00000004298,0,0,0
ENSRNOG00000004296,0,0,0
ENSRNOG00000011455,0,0,0
ENSRNOG00000043176,0,0,0
ENSRNOG00000017725,0,0,0
ENSRNOG00000061695,0,0,0
ENSRNOG00000015585,0,0,0
ENSRNOG00000011078,0,0,0
ENSRNOG00000000568,0,0,0
ENSRNOG00000018525,0,0,0
ENSRNOG00000019141,0,0,0
ENSRNOG00000014365,0,0,0
ENSRNOG00000012371,0,0,0
ENSRNOG00000023588,0,0,0
ENSRNOG00000017982,0,0,0
ENSRNOG00000008354,0,0,0
ENSRNOG00000047082,0,0,0
ENSRNOG00000016295,0,0,0
ENSRNOG00000032561,0,0,0
ENSRNOG00000022691,0,0,0
ENSRNOG00000002525,0,0,0
ENSRNOG00000012356,0,0,0
ENSRNOG00000017180,0,0,0
ENSRNOG00000021323,0,0,0
ENSRNOG00000012358,0,0,0
ENSRNOG00000000582,0,0,0
ENSRNOG00000000588,0,0,0
ENSRNOG00000043404,0,0,0
ENSRNOG00000003033,0,0,0
ENSRNOG00000007837,0,0,0
ENSRNOG00000014988,0,0,0
ENSRNOG00000025797,0,0,0
ENSRNOG00000013532,0,0,0
ENSRNOG00000038331,0,0,0
ENSRNOG00000042041,0,0,0
ENSRNOG00000011861,0,0,0
ENSRNOG00000013407,0,0,0
ENSRNOG00000056894,0,0,0
ENSRNOG00000018694,0,0,0
ENSRNOG00000020879,0,0,0
ENSRNOG00000057072,0,0,0
ENSRNOG00000057470,0,0,0
ENSRNOG00000028072,0,0,0
ENSRNOG00000017226,0,0,0
ENSRNOG00000050152,0,0,0
ENSRNOG00000000969,0,0,0
ENSRNOG00000050553,0,0,0
ENSRNOG00000029993,0,0,0
ENSRNOG00000004601,0,0,0
ENSRNOG00000009096,0,0,0
ENSRNOG00000010539,0,0,0
ENSRNOG00000009385,0,0,0
ENSRNOG00000004162,0,0,0
ENSRNOG00000028668,0,0,0
ENSRNOG00000004111,0,0,0
ENSRNOG00000010625,0,0,0
ENSRNOG00000004591,0,0,0
ENSRNOG00000059453,0,0,0
ENSRNOG00000036677,0,0,0
ENSRNOG00000049944,0,0,0
ENSRNOG00000010994,0,0,0
ENSRNOG00000017716,0,0,0
ENSRNOG00000018319,0,0,0
ENSRNOG00000018086,0,0,0
ENSRNOG00000018082,0,0,0
ENSRNOG00000003614,0,0,0
ENSRNOG00000019918,0,0,0
ENSRNOG00000026235,0,0,0
ENSRNOG00000015393,0,0,0
ENSRNOG00000048164,0,0,0
ENSRNOG00000016593,0,0,0
ENSRNOG00000001990,0,0,0
ENSRNOG00000025181,0,0,0
ENSRNOG00000007221,0,0,0
ENSRNOG00000006359,0,0,0
ENSRNOG00000019466,0,0,0
ENSRNOG00000012294,0,0,0
ENSRNOG00000025767,0,0,0
ENSRNOG00000051986,0,0,0
ENSRNOG00000011875,0,0,0
ENSRNOG00000017084,0,0,0
ENSRNOG00000024837,0,0,0
ENSRNOG00000017087,0,0,0
ENSRNOG00000039494,0,0,0
ENSRNOG00000046214,0,0,0
ENSRNOG00000029651,0,0,0
ENSRNOG00000020736,0,0,0
ENSRNOG00000003119,0,0,0
ENSRNOG00000021046,0,0,0
ENSRNOG00000001177,0,0,0
ENSRNOG00000001174,0,0,0
ENSRNOG00000053769,0,0,0
ENSRNOG00000001770,0,0,0
ENSRNOG00000007918,0,0,0
ENSRNOG00000012436,0,0,0
ENSRNOG00000028008,0,0,0
ENSRNOG00000057443,0,0,0
ENSRNOG00000001512,0,0,0
ENSRNOG00000050121,0,0,0
ENSRNOG00000009422,0,0,0
ENSRNOG00000027359,0,0,0
ENSRNOG00000009955,0,0,0
ENSRNOG00000009957,0,0,0
ENSRNOG00000017523,0,0,0
ENSRNOG00000014610,0,0,0
ENSRNOG00000004854,0,0,0
ENSRNOG00000059519,0,0,0
ENSRNOG00000058024,0,0,0
ENSRNOG00000003239,0,0,0
ENSRNOG00000027042,0,0,0
ENSRNOG00000051507,0,0,0
ENSRNOG00000029876,0,0,0
ENSRNOG00000029871,0,0,0
ENSRNOG00000036682,0,0,0
ENSRNOG00000005697,0,0,0
ENSRNOG00000036665,0,0,0
ENSRNOG00000011672,0,0,0
ENSRNOG00000049955,0,0,0
ENSRNOG00000017816,0,0,0
ENSRNOG00000049552,0,0,0
ENSRNOG00000000007,0,0,0
ENSRNOG00000015567,0,0,0
ENSRNOG00000015566,0,0,0
ENSRNOG00000011016,0,0,0
ENSRNOG00000061414,0,0,0
ENSRNOG00000022505,0,0,0
ENSRNOG00000019902,0,0,0
ENSRNOG00000004327,0,0,0
ENSRNOG00000002642,0,0,0
ENSRNOG00000061527,0,0,0
ENSRNOG00000002883,0,0,0
ENSRNOG00000032546,0,0,0
ENSRNOG00000011497,0,0,0
ENSRNOG00000007581,0,0,0
ENSRNOG00000007583,0,0,0
ENSRNOG00000008243,0,0,0
ENSRNOG00000008245,0,0,0
ENSRNOG00000025608,0,0,0
ENSRNOG00000019582,0,0,0
ENSRNOG00000012281,0,0,0
ENSRNOG00000055408,0,0,0
ENSRNOG00000029478,0,0,0
ENSRNOG00000014652,0,0,0
ENSRNOG00000000658,0,0,0
ENSRNOG00000018111,0,0,0
ENSRNOG00000029514,0,0,0
ENSRNOG00000013463,0,0,0
ENSRNOG00000015962,0,0,0
ENSRNOG00000056476,0,0,0
ENSRNOG00000056184,0,0,0
ENSRNOG00000009686,0,0,0
ENSRNOG00000034013,0,0,0
ENSRNOG00000014816,0,0,0
ENSRNOG00000005669,0,0,0
ENSRNOG00000027857,0,0,0
ENSRNOG00000013062,0,0,0
ENSRNOG00000016945,0,0,0
ENSRNOG00000042692,0,0,0
ENSRNOG00000005993,0,0,0
ENSRNOG00000001232,0,0,0
ENSRNOG00000010519,0,0,0
ENSRNOG00000004626,0,0,0
ENSRNOG00000058692,0,0,0
ENSRNOG00000030537,0,0,0
ENSRNOG00000030538,0,0,0
ENSRNOG00000017395,0,0,0
ENSRNOG00000020656,0,0,0
ENSRNOG00000000121,0,0,0
ENSRNOG00000009348,0,0,0
ENSRNOG00000004133,0,0,0
ENSRNOG00000049768,0,0,0
ENSRNOG00000058271,0,0,0
ENSRNOG00000009740,0,0,0
ENSRNOG00000016953,0,0,0
ENSRNOG00000010280,0,0,0
ENSRNOG00000005687,0,0,0
ENSRNOG00000059479,0,0,0
ENSRNOG00000010262,0,0,0
ENSRNOG00000011644,0,0,0
ENSRNOG00000010467,0,0,0
ENSRNOG00000010466,0,0,0
ENSRNOG00000003872,0,0,0
ENSRNOG00000032378,0,0,0
ENSRNOG00000010468,0,0,0
ENSRNOG00000005278,0,0,0
ENSRNOG00000018992,0,0,0
ENSRNOG00000017775,0,0,0
ENSRNOG00000054765,0,0,0
ENSRNOG00000018516,0,0,0
ENSRNOG00000032150,0,0,0
ENSRNOG00000016043,0,0,0
ENSRNOG00000018420,0,0,0
ENSRNOG00000017605,0,0,0
ENSRNOG00000003476,0,0,0
ENSRNOG00000047986,0,0,0
ENSRNOG00000002657,0,0,0
ENSRNOG00000046904,0,0,0
ENSRNOG00000016421,0,0,0
ENSRNOG00000029047,0,0,0
ENSRNOG00000029280,0,0,0
ENSRNOG00000032805,0,0,0
ENSRNOG00000060338,0,0,0
ENSRNOG00000060687,0,0,0
ENSRNOG00000034228,0,0,0
ENSRNOG00000019484,0,0,0
ENSRNOG00000047565,0,0,0
ENSRNOG00000003681,0,0,0
ENSRNOG00000007378,0,0,0
ENSRNOG00000000041,0,0,0
ENSRNOG00000020827,0,0,0
ENSRNOG00000046763,0,0,0
ENSRNOG00000010725,0,0,0
ENSRNOG00000025012,0,0,0
ENSRNOG00000021068,0,0,0
ENSRNOG00000001686,0,0,0
ENSRNOG00000013388,0,0,0
ENSRNOG00000017073,0,0,0
ENSRNOG00000025384,0,0,0
