gene,C4,D4,C8,D8
ENSRNOG00000009090,2168.87,1976.73,2996.37,2716.23
ENSRNOG00000000557,2211.3,2513.67,2594.67,2581.13
ENSRNOG00000036686,706.067,869.5,1051.53,871
ENSRNOG00000003551,360,546.333,449.633,458.467
ENSRNOG00000007732,660,701.367,805.733,840.367
ENSRNOG00000048812,1171.83,1677.5,2377.03,1911.8
ENSRNOG00000003520,5914,6709.83,7891.93,7791.1
ENSRNOG00000030019,16931.8,16575.2,15207.9,16477.9
ENSRNOG00000013009,4340.6,4373.8,5018.6,5296.7
ENSRNOG00000024128,3794.43,4099.83,4577.77,5008.27
ENSRNOG00000010958,1773.17,1730.43,1665.23,1820.83
ENSRNOG00000007743,2430.3,2584.13,2951.4,2515.93
ENSRNOG00000016837,0,2515.75,437.5,231.5
ENSRNOG00000000168,1253.83,1256.07,1394.97,1379.97
ENSRNOG00000049560,697.067,928.6,541.4,706.067
ENSRNOG00000036689,2251.9,2715.33,3981.3,3660.37
ENSRNOG00000014522,548.9,616.967,638.433,626.633
ENSRNOG00000002115,4734.57,4403.03,6433.67,4706.53
ENSRNOG00000005587,2673.6,2551.3,2767.43,2634.13
ENSRNOG00000008103,10502.2,11266.3,11190.8,11756.3
ENSRNOG00000008843,569.533,614.9,822.267,659.633
ENSRNOG00000003049,1341.33,1291.7,1879.77,1681.4
ENSRNOG00000043377,4771.87,5032.4,6290.17,6307.3
ENSRNOG00000003653,2015.27,2120.67,2123.07,2003.97
ENSRNOG00000015840,1240.8,1408.17,1597.5,1460.97
ENSRNOG00000013331,3921.3,4136.1,4135.97,4190.73
ENSRNOG00000008755,1660.33,1713.3,1969.77,2005.27
ENSRNOG00000010800,5130.07,4900,4962.63,5150.7
ENSRNOG00000003253,3719.2,3441.97,4057.1,4257.57
ENSRNOG00000009845,1196.8,1367.73,1276.4,1310.5
ENSRNOG00000012183,2203.33,2005.03,1455.83,1678.3
ENSRNOG00000045636,1116.07,1184.37,1455.3,1389.63
ENSRNOG00000011404,719.167,843.033,1010.23,1105.53
ENSRNOG00000015206,282.1,366.067,395.7,469.867
ENSRNOG00000003269,2341.37,2352.2,2373.67,2203.8
ENSRNOG00000016807,3265.4,2757.8,2420.67,2296.2
ENSRNOG00000009629,1370.83,1336.13,745.533,860.1
ENSRNOG00000009513,6786.47,7513.67,9767.83,8940.8
ENSRNOG00000012966,2130.73,2601.53,2753.1,3044.53
ENSRNOG00000009325,1510.63,1723.67,2192,1915.6
ENSRNOG00000010872,2199.23,2480.83,2864.3,2855.87
ENSRNOG00000010438,163.8,283.65,148.5,203.1
ENSRNOG00000001214,378.167,529.633,787.767,814.567
ENSRNOG00000017737,1440.73,1504.4,1998.6,1955.57
ENSRNOG00000049110,0,525.2,441.7,517.467
ENSRNOG00000000158,1951.67,1597.73,1966.6,1732.87
ENSRNOG00000007862,1103.43,1296.83,1000.6,991.833
ENSRNOG00000009422,222.667,184.2,201.7,171.233
ENSRNOG00000038001,1216.37,1047.23,1638.87,1472.47
ENSRNOG00000018662,565.167,575.533,411.633,478.7
ENSRNOG00000008236,773.567,937.433,1031.57,998.767
ENSRNOG00000018170,1248.3,1507.93,1612.1,1741.9
ENSRNOG00000031208,295.9,253.067,296.3,317.533
ENSRNOG00000017777,757.733,838.7,1067.57,1001.3
ENSRNOG00000007763,1037.47,862.3,1065.9,1273.37
ENSRNOG00000019328,1515.17,1308.13,2095.37,1720.37
ENSRNOG00000002934,14919.4,15587.3,12974.4,13894.3
ENSRNOG00000009974,675.267,790.6,865.433,912.4
ENSRNOG00000011782,5240.97,5681.6,5469.83,6165.27
ENSRNOG00000001177,437.7,501.4,460,400.067
ENSRNOG00000014254,1170.73,1185.8,649.133,830.833
ENSRNOG00000021314,2737.1,2533.93,2589.33,2715.97
ENSRNOG00000017780,426.033,465.633,623.933,603.033
ENSRNOG00000015550,5275,6932.93,12952.7,9821.77
ENSRNOG00000015971,4786.13,4306.97,4928.87,4500
ENSRNOG00000016924,5533.97,5473.6,6170.4,6437.53
ENSRNOG00000000981,0,222.6,187.967,208.7
ENSRNOG00000020480,4641.1,3700.5,4617.1,3869.77
ENSRNOG00000012458,0,105.3,116.6,0
ENSRNOG00000019550,249.6,393.867,344.567,373.367
ENSRNOG00000019573,597.1,394.933,609.433,486.533
ENSRNOG00000010079,0,294.1,203.65,0
ENSRNOG00000018114,673.767,817.933,786.667,791.5
ENSRNOG00000011146,7490.43,6248.07,6194.63,6197.03
ENSRNOG00000000913,284.233,320,443.433,395.767
ENSRNOG00000003773,1183.2,1614.7,1121.37,1457.23
ENSRNOG00000013791,342.567,370.1,277.167,288.4
ENSRNOG00000013594,736.833,672.1,742.933,849.633
ENSRNOG00000050315,181.1,294.05,373.3,328.933
ENSRNOG00000028711,505.8,533.1,647.667,656.067
ENSRNOG00000032238,331.45,353.5,369.633,375.267
ENSRNOG00000011381,1287.97,1094.93,1417.43,991.867
ENSRNOG00000016552,14578.9,11134.1,13637.9,13151.5
ENSRNOG00000000585,1573.13,1706.07,1528.4,1867.73
ENSRNOG00000002643,1082.93,840.933,815.367,800.5
ENSRNOG00000013794,195.3,0,311.733,176.033
ENSRNOG00000008432,372,320.75,354.9,299.7
ENSRNOG00000007982,379.667,462.6,526,468.1
ENSRNOG00000002896,783.133,938.867,1034.03,1056.83
ENSRNOG00000032150,331.733,469.6,377.533,474.833
ENSRNOG00000007234,6714.9,4752.07,6195.6,5239.3
ENSRNOG00000000167,145.2,0,94.5,0
ENSRNOG00000008648,436.15,427.4,486.167,547.567
ENSRNOG00000017105,531.6,457,480.267,421.767
ENSRNOG00000008364,5023.1,3690.43,3269.37,3648.07
ENSRNOG00000001344,888.1,914.067,1563.57,1249.17
ENSRNOG00000014365,0,0,362,312.1
ENSRNOG00000006320,150.3,105,163.6,0
ENSRNOG00000013376,302.2,349.7,470.933,439.867
ENSRNOG00000019118,433.3,354.15,549.933,401.667
ENSRNOG00000011929,624.233,641.5,802.233,667.6
ENSRNOG00000004327,0,79.2,110.5,106.8
ENSRNOG00000009712,184.3,222.05,234.233,254.833
ENSRNOG00000019077,1409.93,1297.47,1490.37,1545.3
ENSRNOG00000014347,783.133,891.933,1177.1,1192.67
ENSRNOG00000019560,1070.9,1162.9,1373.37,1244.37
ENSRNOG00000011781,105.25,201.55,186.467,171.833
ENSRNOG00000013223,244.833,271.533,313.967,250.2
ENSRNOG00000036684,601.267,661.033,727.533,659.167
ENSRNOG00000010284,497.8,529,666.333,733.733
ENSRNOG00000019361,478.25,568.15,517.767,512.433
ENSRNOG00000019651,124.9,120.35,210.767,118.267
ENSRNOG00000000967,749,916.9,842.767,886.033
ENSRNOG00000013954,206.6,0,0,0
ENSRNOG00000010128,0,102.5,151.1,0
ENSRNOG00000006527,242.667,275.15,344.7,267.1
ENSRNOG00000014718,1100.63,1038.97,1137.53,1107.93
ENSRNOG00000005602,763.3,821.833,840.567,925.967
ENSRNOG00000026745,1736.1,1426.57,908.367,1083.17
ENSRNOG00000001338,0,110.5,0,85.3
ENSRNOG00000020776,1247.27,907.1,946.233,1219.9
ENSRNOG00000017731,628.8,487.267,556.133,519.233
ENSRNOG00000015187,530.267,519.4,446.2,504.067
ENSRNOG00000001442,363.1,422.867,321.167,352.633
ENSRNOG00000019212,868.733,600.933,844.1,689.967
ENSRNOG00000049604,396.1,438.133,591.267,538.1
ENSRNOG00000002142,884.933,1178.63,1249.17,1405.6
ENSRNOG00000024577,942.833,694.033,1150.7,991.167
ENSRNOG00000010626,424.9,341.3,396.6,393.2
ENSRNOG00000013304,153,92.5,0,119.2
ENSRNOG00000016356,2230.77,2236.53,1976.53,2246.5
ENSRNOG00000032297,4499.07,3995.5,4206.43,4260.4
ENSRNOG00000001770,107.4,0,0,0
ENSRNOG00000022274,456.4,476.867,521.767,643.2
ENSRNOG00000017976,314.967,314.5,431.6,389.433
ENSRNOG00000002229,0,0,167,0
ENSRNOG00000018441,1140.3,1183.37,1184.87,1421
ENSRNOG00000001890,146.6,0,220.55,227.567
ENSRNOG00000007427,443.533,547.95,445.05,427.833
ENSRNOG00000009686,108.9,85.3,88.5,0
ENSRNOG00000003869,1292.27,1101.87,1658.6,1276.3
ENSRNOG00000000609,521.467,473.9,500.4,472.167
ENSRNOG00000018262,649.433,717.267,647.233,770.733
ENSRNOG00000000007,149.267,108.6,156.033,122.333
ENSRNOG00000002342,1920.63,2154.3,2264.33,2405.83
ENSRNOG00000020401,0,170.1,90.4,85.5
ENSRNOG00000032487,170.25,190,162.567,132.85
ENSRNOG00000001736,223.767,165,158.167,208.6
ENSRNOG00000000924,2635.4,2582.57,2036.43,2579
ENSRNOG00000011913,0,714,628.05,627.867
ENSRNOG00000006779,1991.7,1799.43,1727.93,1894.07
ENSRNOG00000011310,512.933,384.2,615.533,636.067
ENSRNOG00000007006,26270.4,23203.7,8483.5,12333.6
ENSRNOG00000018086,0,0,170.4,0
ENSRNOG00000007351,1060.9,856.033,1129.77,985.567
ENSRNOG00000046727,120.8,114.35,111.2,0
ENSRNOG00000029778,3141.57,2255.57,3148.03,2549.53
ENSRNOG00000012294,142.3,163.35,179.967,156.467
ENSRNOG00000004089,445.2,266.967,284.1,309.8
ENSRNOG00000017725,306.533,264.3,260.5,216.533
ENSRNOG00000015538,439.233,439.6,447.367,467.733
ENSRNOG00000046975,4536.1,5365.1,5075.93,5088.37
ENSRNOG00000019659,1150.6,787.2,949.133,694.133
ENSRNOG00000016147,4437.13,3835.97,4436.8,4233.77
ENSRNOG00000016163,458.5,534.267,603.267,534.733
ENSRNOG00000000041,196.5,223.533,178.4,111.6
ENSRNOG00000017637,0,98.4,0,87.5
ENSRNOG00000046214,0,108.3,142.1,85.5
ENSRNOG00000017854,1159.47,1162.97,1391.1,1321.73
ENSRNOG00000006388,585.267,663.7,644.4,649.133
ENSRNOG00000015262,74.3,0,37.9,0
ENSRNOG00000016791,696.367,583.733,693.733,600.367
ENSRNOG00000030269,918.733,1091.1,719.767,970.867
ENSRNOG00000020263,808.6,1035.73,986.7,1226.03
ENSRNOG00000011612,204.1,221.067,171.5,192.833
ENSRNOG00000020138,255.433,256.567,244.1,252.9
ENSRNOG00000009019,233.8,181.5,163.267,170.033
ENSRNOG00000011419,338.767,407.733,237.233,216.033
ENSRNOG00000001889,1520.53,1657.6,2236.53,2048.53
ENSRNOG00000009345,1849.27,1403.67,1438.67,1296.17
ENSRNOG00000015749,392.3,459.333,496.133,474.867
ENSRNOG00000016690,3712.67,3573,4303.43,3604.33
ENSRNOG00000019205,394.733,445.333,470.933,457.467
ENSRNOG00000013463,0,0,0,143.433
ENSRNOG00000009597,0,125.8,53.8,0
ENSRNOG00000019604,192.9,0,0,0
ENSRNOG00000036677,0,0,0,86
ENSRNOG00000029876,0,133.7,106.3,0
ENSRNOG00000003069,0,0,54.2,0
ENSRNOG00000014276,328.967,312.7,248.867,256.967
ENSRNOG00000020650,0,295.4,0,0
ENSRNOG00000000257,484.8,483.133,388.333,463.533
ENSRNOG00000006116,72.4,102.6,0,74.55
ENSRNOG00000018822,0,118.5,120.75,0
ENSRNOG00000009736,187.9,317.967,327.133,342.333
ENSRNOG00000021024,377.6,364.067,372.5,377.367
ENSRNOG00000005905,231.75,337.467,312.433,317.1
ENSRNOG00000014915,477.2,436.6,329.733,313.4
ENSRNOG00000006653,0,0,0,31.9
ENSRNOG00000010034,1045.2,1365.77,862.967,844.1
ENSRNOG00000032942,328.033,0,364.4,308.9
ENSRNOG00000004749,119.033,151.9,96.65,71.8
ENSRNOG00000008890,289.867,503.633,235.067,261.533
ENSRNOG00000011417,229.9,268.433,252,267.533
ENSRNOG00000005957,124.05,149.133,133.55,111.5
ENSRNOG00000014675,307,385,270.533,368.7
ENSRNOG00000011071,195.6,147.567,148.133,194.833
ENSRNOG00000018644,206,131.5,0,159.933
ENSRNOG00000016207,372.033,476.667,352.4,313.267
ENSRNOG00000019830,99.3,0,95.4,83.45
ENSRNOG00000009250,294.35,307.6,339.933,268.1
ENSRNOG00000018382,159.1,112.95,106.567,102.3
ENSRNOG00000024457,0,133.6,56.3,0
ENSRNOG00000021262,259.3,0,0,0
ENSRNOG00000004162,261.4,170.1,0,0
ENSRNOG00000012027,362.767,314.7,247.95,355.033
ENSRNOG00000012037,151.2,0,0,0
ENSRNOG00000007142,0,194.6,168.4,79.8
ENSRNOG00000005250,0,97.9,0,0
ENSRNOG00000000165,0,127.6,0,84.4
ENSRNOG00000009889,390.933,363.2,271.9,369.367
ENSRNOG00000013950,0,0,76.6,66.3
ENSRNOG00000021265,0,244,0,0
ENSRNOG00000021009,233.4,0,0,0
ENSRNOG00000015514,2172.13,3039.77,2347.67,2936.7
ENSRNOG00000019843,0,0,39.3,0
ENSRNOG00000011648,848.667,791.433,1010.7,981.2
ENSRNOG00000012325,1141.07,1358.6,1051.2,1184.53
ENSRNOG00000021130,142.5,189.8,158.767,208.333
ENSRNOG00000017291,619.967,637.933,521.1,547.1
ENSRNOG00000017840,765.067,769.667,805.6,763.633
ENSRNOG00000001762,276.3,284.3,182.8,152.067
ENSRNOG00000017286,225.2,203.167,134.9,115.55
ENSRNOG00000011561,125.25,124.15,124.833,128.967
ENSRNOG00000015741,258.4,181.1,233.933,207.433
ENSRNOG00000006010,232,413.067,284.6,240.7
ENSRNOG00000003728,387.45,552.5,710.3,537.1
ENSRNOG00000017932,982.067,1108.17,1071.87,1117.33
ENSRNOG00000046852,218.1,292.533,272.7,250.567
ENSRNOG00000003134,628.7,655.2,676.633,664.267
ENSRNOG00000015124,269.65,212,96.45,107.1
ENSRNOG00000019484,0,84.2,0,0
ENSRNOG00000021128,224.9,200.7,152.6,175.367
ENSRNOG00000002128,365.633,401.267,234.4,294.533
ENSRNOG00000018911,215.8,214.3,0,82.45
ENSRNOG00000011227,209.75,149.3,0,0
ENSRNOG00000001440,3931.9,4295.27,4538.33,4656.07
ENSRNOG00000011329,4906.53,6006.77,5847.6,6398.1
ENSRNOG00000014044,459.467,493.733,485,501.6
ENSRNOG00000018367,1553.6,1788.67,1852.93,1826.53
ENSRNOG00000015020,6836.67,6005.97,5799.23,5693.6
ENSRNOG00000009980,3804.27,4327.1,3778.5,3959.87
ENSRNOG00000015511,1546.57,1255.33,1341.4,1261.73
ENSRNOG00000020481,567,547.467,616.367,605.9
ENSRNOG00000023520,1075.03,1161.67,841.9,918.8
ENSRNOG00000007081,331.1,318.633,348.667,389.233
ENSRNOG00000014743,2078.83,2355.97,2752.3,3028.93
ENSRNOG00000046493,546.1,517.667,455.533,481.6
ENSRNOG00000009723,1274.73,1407.03,1282.13,1055.97
ENSRNOG00000019342,849.433,1853.47,2577.23,2095.3
ENSRNOG00000036693,0,286.8,352.733,249.667
ENSRNOG00000005138,424,504.133,502.5,533.367
ENSRNOG00000013409,1825.43,1465.17,1267.57,1422
ENSRNOG00000005987,274.9,257.467,293,247.567
ENSRNOG00000013994,208.333,317.5,269.367,273.133
ENSRNOG00000000306,0,0,109.667,107.15
ENSRNOG00000004026,4729.83,4187.43,3952.27,4403.97
ENSRNOG00000003815,1491.37,1698.9,1627.87,1870.97
ENSRNOG00000009715,1550.43,1477.17,1449.73,1412.3
ENSRNOG00000016838,578.8,611.433,831.9,658.5
ENSRNOG00000002051,1863.23,1525.37,1005.53,1278
ENSRNOG00000010265,170.4,233.933,225.433,189
ENSRNOG00000013521,471.967,500.067,428.267,436.467
ENSRNOG00000014117,216.8,237.567,253.867,309.767
ENSRNOG00000019228,253.3,244.067,301.333,331.567
ENSRNOG00000018903,694.7,648.8,477.5,0
ENSRNOG00000017822,634.033,1113.1,491.933,614.067
ENSRNOG00000010023,376.067,484.1,397.8,376.633
ENSRNOG00000013704,0,0,0,59.7
ENSRNOG00000005424,1163.63,1101.3,1629.7,1751.4
ENSRNOG00000024629,1354.03,1699.93,1577.93,1654.83
ENSRNOG00000019048,1361.87,1623.5,1374.53,1672.3
ENSRNOG00000015869,691.7,791.7,876,687.433
ENSRNOG00000009740,238.5,137.8,207.933,169.033
ENSRNOG00000013000,10295.7,9471.03,10557.3,9106.4
ENSRNOG00000009421,499.033,447.967,537.267,569.933
ENSRNOG00000046889,11639.7,8290.8,13017.7,9607.27
ENSRNOG00000012616,1997.17,1995.67,2449.8,1971.07
ENSRNOG00000010697,1347.4,1297.77,1435.23,1404.73
ENSRNOG00000008289,10897.2,12074.9,10423.5,10645.4
ENSRNOG00000031367,4859.47,5110.87,4253.07,3946.2
ENSRNOG00000006305,5002.4,5606.47,4961.6,5770.77
ENSRNOG00000002693,3381.17,3186.83,3666.57,3347.3
ENSRNOG00000017850,458.567,354.033,475.767,380.233
ENSRNOG00000019120,444.267,674.367,550.2,567.033
ENSRNOG00000010580,7505.53,6732.93,7032.5,7006.43
ENSRNOG00000018567,4301.83,4298,4224.53,4287.8
ENSRNOG00000013141,5169.17,5311.47,6691.23,7215.1
ENSRNOG00000018964,444.733,513.8,478.8,551.567
ENSRNOG00000031612,586.733,525.567,560.3,569.2
ENSRNOG00000012295,257.9,375,407.533,446.467
ENSRNOG00000005291,328.4,370.433,339.7,300.033
ENSRNOG00000017601,776.267,735.933,861.733,718.9
ENSRNOG00000019080,332.567,278.95,327.4,297.1
ENSRNOG00000000962,534.167,596.633,631.8,713.5
ENSRNOG00000002898,378.3,414.75,0,458.767
ENSRNOG00000008012,247.967,247.033,271.767,249.667
ENSRNOG00000017012,253.967,313.9,298.067,249.633
ENSRNOG00000021644,138.8,102.45,122.6,107.7
ENSRNOG00000028156,242.45,358.167,259.3,266.8
ENSRNOG00000006641,0,0,60.1,0
ENSRNOG00000032798,391,332.8,408.133,343.3
ENSRNOG00000007839,368.7,410.5,387.6,365.2
ENSRNOG00000018740,0,0,385.4,0
ENSRNOG00000015306,117.05,0,0,0
ENSRNOG00000002848,3866.8,3173.9,3290.83,3116.33
ENSRNOG00000006302,287.8,320.3,0,223.3
ENSRNOG00000017496,1174.87,850.9,1422.13,1161.87
ENSRNOG00000001990,0,78.9,0,0
ENSRNOG00000001823,160.2,194.067,101.3,67.35
ENSRNOG00000000185,235.1,302.95,472,368.4
ENSRNOG00000018239,218.067,261.933,310,312
ENSRNOG00000014508,1646.27,1685.3,2425.33,2091.87
ENSRNOG00000013102,746.133,691.467,1083.7,881.3
ENSRNOG00000007284,1139.97,1223.87,1242.03,1150.3
ENSRNOG00000018211,1308.23,1625.03,1795.47,1746.2
ENSRNOG00000005061,1042.8,1275.67,1227.37,1191.93
ENSRNOG00000000186,324.667,459.9,533.1,466.433
ENSRNOG00000020607,196.2,149.7,153.533,180.767
ENSRNOG00000009928,444,646.35,497.6,453.3
ENSRNOG00000020721,0,116.55,92.5,93.35
ENSRNOG00000023588,169.7,119.1,135.7,139.3
ENSRNOG00000009570,0,0,490.45,397.4
ENSRNOG00000010633,1575.8,1410.47,1333.5,1386.2
ENSRNOG00000019039,221.267,242.3,260.1,297.1
ENSRNOG00000008116,599.333,738.433,931.233,769.7
ENSRNOG00000050655,1047.27,885.9,1349.67,1095.8
ENSRNOG00000008837,811.233,1196.73,1130.17,1445.3
ENSRNOG00000021090,0,779.9,0,0
ENSRNOG00000019630,411.733,442.8,359.5,304.233
ENSRNOG00000011150,303.3,252.65,251.967,196.267
ENSRNOG00000015948,0,0,0,254.4
ENSRNOG00000013048,235.433,247.4,215.133,246.267
ENSRNOG00000007378,219.9,159.167,114.85,121.6
ENSRNOG00000020827,184.6,0,0,49.1
ENSRNOG00000009348,0,0,0,45.7
ENSRNOG00000014405,2203.07,2227.93,2872.9,2731.9
ENSRNOG00000014766,544.133,594.4,545.333,586.567
ENSRNOG00000015233,2806.43,2518.3,2584.4,2283.63
ENSRNOG00000018281,3196.63,3327.63,3400.7,3373.87
ENSRNOG00000022980,998.867,1083.57,844.667,1027.37
ENSRNOG00000003163,2092.17,1873.17,2337.63,2075.63
ENSRNOG00000015857,1665.43,1833.87,2619.13,2333.67
ENSRNOG00000012457,5779.4,6087.47,5980.07,6369.93
ENSRNOG00000002642,7271.6,6742.53,7965.8,8442.9
ENSRNOG00000007895,5139.83,5121,4297.2,4898.87
ENSRNOG00000023150,4444.47,4361.5,5728.13,5889.87
ENSRNOG00000011891,4662.37,5195.4,5145.93,5654.13
ENSRNOG00000012550,8112.13,6604.43,9275.87,8488.6
ENSRNOG00000048174,3040.93,2729,4425.07,3219.37
ENSRNOG00000043094,2118.8,2267.3,2363.03,2345.73
ENSRNOG00000005358,1148.07,1283,1630.03,1640.27
ENSRNOG00000026842,573.7,611.367,601.833,561.633
ENSRNOG00000009538,534.967,524.767,514.1,521.433
ENSRNOG00000016372,761.533,709.1,745.7,818.3
ENSRNOG00000002615,457.6,0,562.15,532.233
ENSRNOG00000008283,1218.6,1589.1,1476.03,1658.8
ENSRNOG00000005923,2269.5,2526.27,2448.3,2443.97
ENSRNOG00000016936,695.867,697.85,718.467,647.5
ENSRNOG00000020902,848.367,804.133,1053.17,1189.53
ENSRNOG00000011905,4277.93,4750.77,5304.73,5390.33
ENSRNOG00000012559,847.15,1172.93,1131.83,1185
ENSRNOG00000008944,570.3,617.733,649.767,687.567
ENSRNOG00000016573,450.533,400.767,543.633,525.5
ENSRNOG00000007583,6018.43,7065.77,6702.77,7544.13
ENSRNOG00000009625,16748,15282.7,14446.3,15084.6
ENSRNOG00000010196,559.433,603.267,756.2,805.067
ENSRNOG00000002928,2078.37,2377.43,2915.87,2758.97
ENSRNOG00000000437,303.233,328.25,382.467,327.967
ENSRNOG00000015518,324.9,264.15,402.667,307.5
ENSRNOG00000003809,4283.33,4832.07,4947.67,3962.33
ENSRNOG00000026474,227.15,360.4,315.167,342.267
ENSRNOG00000047656,1121.13,1441.23,1466.43,1554.73
ENSRNOG00000029061,267.8,312.333,273.367,267.767
ENSRNOG00000019741,343.1,327.5,446.667,447.333
ENSRNOG00000018569,1889.1,2116.9,2303.07,2561.43
ENSRNOG00000011311,5630.57,4321.27,4998.6,4039.67
ENSRNOG00000045752,279.4,272.7,417.933,293.7
ENSRNOG00000018145,690.45,763.933,759.733,849.967
ENSRNOG00000015686,1496.9,2301.43,2175.57,2194.2
ENSRNOG00000039850,3863.07,3619.07,4893,3992.47
ENSRNOG00000008035,489.667,494.967,516.3,495.2
ENSRNOG00000007967,3923.2,3712.4,4713.73,4591.2
ENSRNOG00000009751,358.7,325.1,484.8,436.167
ENSRNOG00000015591,1340.57,1509.53,1745.1,1760.13
ENSRNOG00000011684,4090.07,4230.5,4163.2,4425
ENSRNOG00000007102,460.167,483.333,554.3,485.1
ENSRNOG00000011189,650.367,594.4,970.467,712.033
ENSRNOG00000017163,8754.27,8441.8,7620.97,8740.57
ENSRNOG00000016043,157.667,430,202.233,244.133
ENSRNOG00000018838,614.633,562.467,642.9,642.1
ENSRNOG00000028616,50.1,85.2,0,53
ENSRNOG00000009799,926.533,993.633,995.467,1210.7
ENSRNOG00000001205,1145.2,1307.53,1040.13,1295.5
ENSRNOG00000019982,293.8,283.533,353.033,330.267
ENSRNOG00000047213,407.467,302.633,400.733,374.733
ENSRNOG00000003177,3512.4,3557.1,2384.43,2385.37
ENSRNOG00000009289,723.967,633.833,593.8,652.633
ENSRNOG00000008945,1013.27,1126.77,1191.43,1276.33
ENSRNOG00000000108,934.467,904.367,996.133,896.5
ENSRNOG00000027797,288.4,316.833,359.267,347.4
ENSRNOG00000014516,224.2,155.2,224.833,176.75
ENSRNOG00000000566,848.433,727.5,1005.23,959.133
ENSRNOG00000029077,849.233,867.567,1445.37,1145.5
ENSRNOG00000018920,1225.13,1304,1103.37,1104.2
ENSRNOG00000046984,387.35,436.367,390.233,426.233
ENSRNOG00000033663,455.233,559.367,588.667,635.333
ENSRNOG00000015912,663.2,764.2,921.6,911.333
ENSRNOG00000022273,1610.03,1510.53,1909.37,1733.63
ENSRNOG00000016980,740.8,615.467,698.2,731.8
ENSRNOG00000025274,634.367,626.867,878.5,811.5
ENSRNOG00000021233,749.5,761.7,829.733,800.133
ENSRNOG00000016214,1403.4,1326,1317.47,1429.8
ENSRNOG00000019490,355.367,379.133,371.967,379.733
ENSRNOG00000011164,418.75,399.367,431.7,483
ENSRNOG00000009267,1338.17,1363.23,1219.63,1230.97
ENSRNOG00000019240,529.833,512.267,582.267,556.2
ENSRNOG00000010833,0,314.9,0,0
ENSRNOG00000019946,334.35,326.167,407.6,411.533
ENSRNOG00000017097,506.233,533.7,585,556.267
ENSRNOG00000020577,2023.23,1611,1821.57,1929.93
ENSRNOG00000001417,763.033,729.733,894.033,955.4
ENSRNOG00000030183,602.267,558.433,502.733,549.433
ENSRNOG00000014690,622.567,707.933,739.1,754.7
ENSRNOG00000004591,258.5,323.1,301.833,300.033
ENSRNOG00000018077,885.767,1150.93,1235.77,1283.4
ENSRNOG00000000281,278.5,250.55,0,319.1
ENSRNOG00000019804,679.933,710.6,984.367,892.467
ENSRNOG00000006364,2898.4,3084.53,2450.33,2780.53
ENSRNOG00000005686,973.267,777.567,949.467,811.233
ENSRNOG00000039300,1757.5,1823.63,1519.03,1614.23
ENSRNOG00000011366,729.233,791.9,756.5,849.467
ENSRNOG00000042359,1554.2,1593.43,1579.7,1479.9
ENSRNOG00000002883,166.267,131.8,176.9,179.4
ENSRNOG00000017741,0,223.25,262.35,204.533
ENSRNOG00000013968,932.633,998.333,1271.33,1230.83
ENSRNOG00000023238,204.5,207.467,210.133,241.7
ENSRNOG00000028623,401.2,412.85,471.4,405.45
ENSRNOG00000014713,309.367,342.9,382.033,379.267
ENSRNOG00000011513,1073.57,1408.33,1282.8,1611.63
ENSRNOG00000015029,449.967,479.633,486.567,523.7
ENSRNOG00000010882,1396.1,1356.03,1539.8,1546.67
ENSRNOG00000010252,1385.77,1294.13,1850.23,1590.5
ENSRNOG00000024801,409.7,262.667,387.4,325.3
ENSRNOG00000020696,949.667,1036.93,1347.97,1249.37
ENSRNOG00000019918,258.15,330.6,323.1,370.067
ENSRNOG00000012794,205.05,248.833,313.033,234.633
ENSRNOG00000026157,0,98.1,0,0
ENSRNOG00000036742,5418.27,4871.37,3488.07,4341.8
ENSRNOG00000007775,6192.37,4979.97,5469.77,5119.4
ENSRNOG00000014178,980.3,983.5,950.033,1030.23
ENSRNOG00000024886,344.3,287.667,317.133,263.967
ENSRNOG00000001875,351.3,287.567,322.767,340.733
ENSRNOG00000005981,1015.77,1109.57,1029.5,1075.33
ENSRNOG00000006744,1004.17,906.933,977.367,903.633
ENSRNOG00000019900,354.25,328.567,372.1,386.167
ENSRNOG00000049281,852.233,724.933,894.367,1019.8
ENSRNOG00000016846,376.4,447.85,456.567,411.5
ENSRNOG00000021032,619.633,690.467,817.667,879.767
ENSRNOG00000003235,840.15,762.367,708.533,940.667
ENSRNOG00000020038,885.033,932.967,1289.33,1310.97
ENSRNOG00000028557,1314,1225.87,960.7,1100
ENSRNOG00000007120,828.9,1080.8,1027.77,987.1
ENSRNOG00000013945,0,213.1,211.5,236.75
ENSRNOG00000019943,391.6,466.133,431.8,397.933
ENSRNOG00000003267,550.867,400.567,583.933,649.1
ENSRNOG00000013816,6517.6,5999.33,6760.37,7277.5
ENSRNOG00000026497,1086.5,1052.17,997.467,1098.5
ENSRNOG00000016097,296.1,324.2,289.967,285.3
ENSRNOG00000002177,845.867,747.333,843.533,858.7
ENSRNOG00000017494,252.3,344.9,399.633,287.5
ENSRNOG00000002185,465.567,480.533,526.333,644.667
ENSRNOG00000039859,0,243.3,0,0
ENSRNOG00000002186,625,550.833,754.267,591.033
ENSRNOG00000018276,219.7,264.9,298.6,274.633
ENSRNOG00000013911,804.133,892.4,844.933,866.367
ENSRNOG00000011250,295.75,351.467,296.833,266.433
ENSRNOG00000043426,211.4,363.9,342.833,296.133
ENSRNOG00000013585,139.4,115.733,100.4,113.733
ENSRNOG00000017659,1888.47,1496.33,1560.2,1605.93
ENSRNOG00000024112,992.467,1133.1,869.567,1083
ENSRNOG00000012055,343,433.1,418.133,445.567
ENSRNOG00000014075,0,128.6,247.533,193.533
ENSRNOG00000000568,0,0,180.8,213.3
ENSRNOG00000016321,1715.47,1824.4,2195.87,2324.2
ENSRNOG00000011467,952.633,838,773.733,978.767
ENSRNOG00000003385,556.367,500.633,449.733,601.967
ENSRNOG00000025181,211.55,312.167,321.367,275.267
ENSRNOG00000010539,250.167,475.067,409.667,386.867
ENSRNOG00000012060,176.9,151.95,162.267,137.667
ENSRNOG00000004846,2873.27,2617.77,2099.27,2181.13
ENSRNOG00000001992,4821.03,5026.77,4284.67,4488.7
ENSRNOG00000006369,3772.17,4059.03,3831.03,4349.93
ENSRNOG00000046307,0,141.767,124.15,146.233
ENSRNOG00000018326,390.7,458.767,559.233,632.667
ENSRNOG00000020083,241,237.8,261.2,293.8
ENSRNOG00000029333,124.15,147.3,134.5,0
ENSRNOG00000014050,495.033,467.967,641.733,628.7
ENSRNOG00000012698,917.3,842.6,832.9,840.533
ENSRNOG00000020812,614.867,739.15,740.4,751.833
ENSRNOG00000019466,0,0,0,139.6
ENSRNOG00000033623,1266.6,1208.47,1533.67,1395.37
ENSRNOG00000008117,1071.97,976.567,1000.13,921.5
ENSRNOG00000008908,607.1,713.067,773.9,700.7
ENSRNOG00000028225,0,160.4,139.3,115.3
ENSRNOG00000020202,1246.6,821.9,1351.93,964.967
ENSRNOG00000005196,1092.8,1230.2,1090.57,1111.57
ENSRNOG00000011714,354.3,452.767,486.867,379.833
ENSRNOG00000023778,3751.7,3746.3,3170.77,3281.37
ENSRNOG00000026163,453.45,462.367,436.5,465.45
ENSRNOG00000012292,492.767,511.467,458.467,578.867
ENSRNOG00000003332,218.733,283.2,247.6,307.267
ENSRNOG00000004710,201.9,227.067,274.467,223.633
ENSRNOG00000018536,386,464.033,620.633,500.633
ENSRNOG00000019143,739.067,777.7,949.867,894.633
ENSRNOG00000007570,1030.97,928.267,1103.1,978.7
ENSRNOG00000009536,1438.57,1245.4,1493.23,1424.33
ENSRNOG00000007939,0,0,404.1,0
ENSRNOG00000029178,260.1,379.767,245.1,273.7
ENSRNOG00000008641,411.767,364.767,382.633,302.4
ENSRNOG00000016122,3010.9,3196.5,2860.23,3225.9
ENSRNOG00000002697,0,0,0,101.8
ENSRNOG00000007688,703.933,656.433,779.567,839.367
ENSRNOG00000018755,3233.23,2897,3269.67,3327.4
ENSRNOG00000000925,334.05,265.2,297.867,287.633
ENSRNOG00000039576,258.6,189,226.5,303.933
ENSRNOG00000017022,759.567,644.1,789,778.167
ENSRNOG00000011068,151.2,169.833,230.067,188.533
ENSRNOG00000018655,438.8,506.933,511.833,543.167
ENSRNOG00000015551,515.267,564.633,539.167,617.3
ENSRNOG00000045605,775.233,752.3,882.133,1093.57
ENSRNOG00000027697,275.6,224.95,238.25,182
ENSRNOG00000003289,478.533,471.867,481.5,538.167
ENSRNOG00000016327,585.8,568.8,746.267,645.967
ENSRNOG00000003759,837.467,628.167,751.2,735.967
ENSRNOG00000017523,0,0,0,102.9
ENSRNOG00000013293,395.6,337.667,425.133,376.367
ENSRNOG00000008312,213.1,0,186.4,135.65
ENSRNOG00000017752,712.433,757.767,598.733,577.567
ENSRNOG00000003567,0,153.15,165.733,165.933
ENSRNOG00000012371,0,0,139.8,0
ENSRNOG00000005132,261,136.2,112.1,93.45
ENSRNOG00000015677,487.8,436.967,434.567,430.2
ENSRNOG00000014369,1086.7,1058.53,991.933,1103.5
ENSRNOG00000011618,111.5,144.5,126.1,98.6
ENSRNOG00000009620,130.5,237.067,191.767,157.1
ENSRNOG00000039494,212.467,240.333,206.133,207.767
ENSRNOG00000016776,0,0,122,140.1
ENSRNOG00000029330,93.9,0,0,0
ENSRNOG00000012091,1280.17,1282.17,1587.8,1395.93
ENSRNOG00000010993,2485.87,2456.9,2174.13,2328.27
ENSRNOG00000028368,0,0,0,219.3
ENSRNOG00000026132,173.1,174.4,80.65,84.5
ENSRNOG00000001169,659.05,673.467,639.833,725.433
ENSRNOG00000008064,391.45,320.8,419.1,444.367
ENSRNOG00000015063,308.767,326.3,316.233,284.467
ENSRNOG00000000466,339.7,0,410.8,326
ENSRNOG00000011716,0,122.8,165.55,0
ENSRNOG00000022480,0,0,0,50.6
ENSRNOG00000016064,1831.07,2075.37,2634.83,2340.4
ENSRNOG00000013604,4321.47,5364.77,8488.93,7574.5
ENSRNOG00000013766,1333.87,1234,1530.2,1287.43
ENSRNOG00000020308,1691.9,2171.57,2325.53,2454.27
ENSRNOG00000004078,0,578.533,212.267,189.067
ENSRNOG00000007290,8742.87,10771.9,11831.7,9801.8
ENSRNOG00000017250,604.733,660.133,672.733,751.133
ENSRNOG00000005849,556.333,491.3,602.9,629.033
ENSRNOG00000019372,280.9,346.3,315.3,328.467
ENSRNOG00000016265,776.433,686.9,662.5,741.6
ENSRNOG00000020956,601.2,627.333,596.467,539.367
ENSRNOG00000046891,3081.57,3247.5,3879.87,4147.77
ENSRNOG00000014610,0,0,0,185.4
ENSRNOG00000000122,711.433,612.5,655.933,653.533
ENSRNOG00000009088,573.3,707.9,372.767,533.633
ENSRNOG00000011361,838.067,918.3,999,1012.17
ENSRNOG00000012181,0,0,363.8,343.2
ENSRNOG00000019996,2185.3,2284.53,2189.93,2319.77
ENSRNOG00000004234,944.667,950.367,834.9,1082.77
ENSRNOG00000010390,424.167,484.533,635.767,683.567
ENSRNOG00000004903,423.233,391.533,590.1,531.833
ENSRNOG00000011452,5792.27,7414.57,7525.97,8656.07
ENSRNOG00000009550,1905.87,1938.2,2400.27,2535.93
ENSRNOG00000017619,685.767,535.533,1247.57,755.7
ENSRNOG00000036814,1041.6,1194.23,1386.27,1356.8
ENSRNOG00000034191,626.767,649.5,743.367,702.167
ENSRNOG00000014311,304.6,449.5,407.5,417
ENSRNOG00000020361,690.767,871.833,1019.57,1079.37
ENSRNOG00000016361,674.2,762.233,754.667,797.2
ENSRNOG00000020410,97.4,106.6,173.4,185.1
ENSRNOG00000012302,0,60,0,0
ENSRNOG00000047493,1539.5,1380.97,1367.7,1129.93
ENSRNOG00000015991,1217.33,1508.97,1498.93,1855.53
ENSRNOG00000019180,2418.83,2156.53,1996.13,2174.03
ENSRNOG00000006871,426.35,347.3,365.167,319.8
ENSRNOG00000003999,548.667,551.033,505.733,555.867
ENSRNOG00000004890,139.1,181.467,148.133,237.633
ENSRNOG00000022946,0,0,83.1,77.9
ENSRNOG00000017020,265.75,208.5,274,263.133
ENSRNOG00000015895,1115.8,977.833,1115.3,1129.93
ENSRNOG00000011039,0,83.5,0,0
ENSRNOG00000011861,131.4,123.7,100.633,100.833
ENSRNOG00000030771,294.533,331.4,329.567,329.467
ENSRNOG00000002826,486.5,476.5,461.4,447.733
ENSRNOG00000019448,0,120.4,104.7,0
ENSRNOG00000001796,293.633,322.867,229.967,232.933
ENSRNOG00000018044,1017.47,1057.43,1272.23,1333.33
ENSRNOG00000018824,544.067,546.767,525.4,486.4
ENSRNOG00000018543,0,0,0,83.2
ENSRNOG00000000729,345.433,259.667,243.333,252.933
ENSRNOG00000012876,92.7,195.9,257.8,135.933
ENSRNOG00000008047,312.233,433.8,398.967,422.133
ENSRNOG00000015354,334.167,363.367,372.567,350.3
ENSRNOG00000005223,184.7,140.8,85.7,94.1
ENSRNOG00000016670,1297.33,1858.67,2552.7,2566.53
ENSRNOG00000017395,164.75,214.633,155.333,209.2
ENSRNOG00000010592,326.3,366.8,250.8,304.733
ENSRNOG00000003244,173.5,0,147.4,0
ENSRNOG00000007804,0,293.5,197.1,207.633
ENSRNOG00000013581,189.1,91.8,0,0
ENSRNOG00000034013,199.267,228.2,142.1,189
ENSRNOG00000015159,0,205.7,155.3,123.6
ENSRNOG00000010597,187.25,169.567,154.333,143.767
ENSRNOG00000004854,176.5,0,0,0
ENSRNOG00000004645,292.733,230.75,305.467,288.433
ENSRNOG00000001492,190.3,0,173.633,167.45
ENSRNOG00000027042,127.8,111.15,0,0
ENSRNOG00000003296,114.5,49.45,0,71.3667
ENSRNOG00000006331,1017.23,1174.97,595.433,646.433
ENSRNOG00000018282,3829.53,4962.7,5498.87,4864.57
ENSRNOG00000003515,408.467,1039.1,691.367,773.1
ENSRNOG00000033824,373.1,440.967,299.267,440.3
ENSRNOG00000017716,0,185.4,0,171.8
ENSRNOG00000013520,548.767,642.733,278.6,316.5
ENSRNOG00000013932,0,0,0,145.5
ENSRNOG00000002755,1954.93,2036.2,1870.2,1931.17
ENSRNOG00000010296,1183.23,1242,1182.63,1202.53
ENSRNOG00000005260,1451.63,1417.73,1106.3,1259.83
ENSRNOG00000007221,2219.63,2016.4,1863,1765
ENSRNOG00000004027,456.433,487.067,618.8,576.8
ENSRNOG00000019902,0,124.15,119.1,101
ENSRNOG00000024144,5501.3,5883.43,5834.2,6194.03
ENSRNOG00000019932,1183.93,1282,1759.87,1674.63
ENSRNOG00000017188,470.667,501.267,606.067,543.767
ENSRNOG00000030654,331.633,275.333,345.7,400.467
ENSRNOG00000007546,1248.43,1414.27,1234.13,1424.3
ENSRNOG00000008305,1983.07,2258.9,2248.93,2305.63
ENSRNOG00000014816,167,199.733,172.7,150.533
ENSRNOG00000015644,686.367,808.733,712.433,721.933
ENSRNOG00000012337,210.033,217.767,129.8,130.5
ENSRNOG00000018992,289.9,268.2,248.4,236.867
ENSRNOG00000010830,13403.1,12694.9,11150,10734.6
ENSRNOG00000008063,3286.1,2808.73,2773.1,2524.63
ENSRNOG00000042426,507.733,509.9,436.367,456.833
ENSRNOG00000031766,65871.4,44693.4,37409.4,31914.6
ENSRNOG00000039980,10027.8,7320.57,7808.2,7776.63
ENSRNOG00000009730,0,0,52.6,68.4
ENSRNOG00000004245,4193.97,4532.23,4595.67,4607.83
ENSRNOG00000032134,3850.5,3944.07,5421.87,5154
ENSRNOG00000009080,7372.17,6723.53,7219.03,6900.2
ENSRNOG00000009982,1164.17,1208.47,1508.93,1320.3
ENSRNOG00000017851,1143.93,1203.07,2007.97,1558.07
ENSRNOG00000017235,4921.77,6030.4,6393.8,6610.8
ENSRNOG00000013949,1053.43,1159.2,1230.8,1134.57
ENSRNOG00000008079,2631.73,2415.23,2507.53,2382.8
ENSRNOG00000025053,531.633,677.367,825.4,718.2
ENSRNOG00000048506,553.267,542.733,627.4,623.567
ENSRNOG00000018610,1333.37,1044.97,1244.6,1234.87
ENSRNOG00000015267,713.1,752.967,709.7,793.233
ENSRNOG00000047708,252.933,351.567,365.467,344.033
ENSRNOG00000010133,1431.93,1363.7,1905.2,1454.77
ENSRNOG00000017977,1899.33,2085.97,2363.37,2446.37
ENSRNOG00000031965,1300.13,1657.67,1764.1,1522.4
ENSRNOG00000028292,609.6,594.033,693.267,608.567
ENSRNOG00000015439,300.333,286.5,217.5,236.4
ENSRNOG00000042419,2868.43,1789.07,2012.8,2373.1
ENSRNOG00000008106,946.9,928.4,1226.63,1286.43
ENSRNOG00000017635,319.767,297.4,336.467,269.033
ENSRNOG00000023910,603.933,553.033,856.567,734.467
ENSRNOG00000018105,1455.93,1453,1515.33,1525.47
ENSRNOG00000030630,479.567,475.567,610.9,631.9
ENSRNOG00000016239,286.6,378.267,345.833,413.467
ENSRNOG00000008572,549.567,648.6,658.667,613.6
ENSRNOG00000008851,1033.73,1240.47,1045.83,1129.17
ENSRNOG00000003307,1270.57,1471.7,1440.87,1429.7
ENSRNOG00000020140,568.8,581.1,793.333,761.1
ENSRNOG00000029549,300.433,274.967,380.5,367.8
ENSRNOG00000000177,314.1,277.3,345.667,259.7
ENSRNOG00000017481,5180.97,5354.2,4753.6,4578.03
ENSRNOG00000017723,1550.87,1600.03,1717.5,1563.03
ENSRNOG00000004494,1340,1358.03,1398.67,1349.77
ENSRNOG00000009754,674.85,613,467.9,536
ENSRNOG00000018319,729.467,605.467,680.567,604.567
ENSRNOG00000004257,769.3,888.067,741.167,752.333
ENSRNOG00000038085,1101.17,977.3,1015.8,1074.77
ENSRNOG00000018125,0,235.5,168.5,238.2
ENSRNOG00000012953,679.667,678.167,989.367,870.567
ENSRNOG00000050780,212.333,209.433,191.6,195.267
ENSRNOG00000032561,251.45,208.067,238.3,266.467
ENSRNOG00000005576,420.367,317.667,431.767,378.667
ENSRNOG00000017311,336.133,321.333,339.6,372.467
ENSRNOG00000001797,647.967,651.967,705.133,663.567
ENSRNOG00000003239,294.667,331.4,361.433,353.967
ENSRNOG00000003033,0,0,222.8,0
ENSRNOG00000017663,582.6,643.367,590.4,656.167
ENSRNOG00000020989,1161.5,1163.77,1321.97,1181.03
ENSRNOG00000037815,0,0,0,156.3
ENSRNOG00000017901,250.233,221.25,316.867,295.667
ENSRNOG00000047314,165.3,117.1,98.4333,115.267
ENSRNOG00000010466,240.4,251.9,180.1,143.733
ENSRNOG00000005130,4277.97,5013.8,5868.37,6183
ENSRNOG00000019609,290.3,0,269.6,0
ENSRNOG00000050277,467.033,484.1,523.9,575.533
ENSRNOG00000019582,219.5,216.767,260.1,296.933
ENSRNOG00000015421,212.75,158.033,179,122
ENSRNOG00000020743,92.5,123.3,162,97.7
ENSRNOG00000019890,0,0,200.8,0
ENSRNOG00000018053,614.2,657.2,599.733,602.867
ENSRNOG00000003872,260.15,198.25,195.4,232.467
ENSRNOG00000011184,369.067,435.433,904.833,468.233
ENSRNOG00000014573,3126.37,3463.3,3367.5,3628
ENSRNOG00000027739,334.2,336.867,347.5,302.6
ENSRNOG00000009963,872,844.533,880.067,890.467
ENSRNOG00000025286,153,215.2,128.4,177.9
ENSRNOG00000018516,260.3,231.7,198.7,171.967
ENSRNOG00000046958,0,0,296.6,0
ENSRNOG00000012375,224.45,203.533,221.033,231.633
ENSRNOG00000020288,674.367,602.567,709.133,771.833
ENSRNOG00000028047,0,215.2,197.3,194.2
ENSRNOG00000002305,341.967,315.25,307.033,215.033
ENSRNOG00000004839,286.033,219.85,291.467,350.033
ENSRNOG00000029993,0,63.7,0,95.3
ENSRNOG00000011573,727.6,613.7,965.2,791.167
ENSRNOG00000019752,267,347.35,286.9,381.1
ENSRNOG00000011501,9037.77,10115.2,10409.3,10318
ENSRNOG00000018656,0,215.5,85.9,76.7
ENSRNOG00000003070,0,226.85,234.45,290.133
ENSRNOG00000002378,4146.87,3123.77,2487.53,3125.8
ENSRNOG00000028448,1971.63,1550.87,1822.67,1684.1
ENSRNOG00000012019,2463.27,1664.97,1514.13,1477.87
ENSRNOG00000016484,1182.67,860.7,1249.1,1312.23
ENSRNOG00000005669,330.867,313.3,345.533,273.7
ENSRNOG00000016727,10234.2,10085.4,12096.8,12785.7
ENSRNOG00000046345,4098.63,3630.4,3600.97,3347.37
ENSRNOG00000018487,2246.23,2221.53,2130.2,2156.43
ENSRNOG00000007492,2478.83,2688.4,2791.07,2555.4
ENSRNOG00000010482,1789.8,1706.47,1433.43,1781
ENSRNOG00000009512,2041.7,2047.63,2271.03,2327.77
ENSRNOG00000019655,1874.9,2170.87,2923.9,2717.2
ENSRNOG00000009020,435.6,0,457.55,362.667
ENSRNOG00000042044,710.7,661.767,997.5,924.167
ENSRNOG00000004481,5153.3,4185.9,4291.83,4196.3
ENSRNOG00000000541,3857.07,4161.03,4230.63,4220.33
ENSRNOG00000013271,0,0,0,0
ENSRNOG00000061883,0,0,0,0
ENSRNOG00000013279,0,0,0,0
ENSRNOG00000003880,0,0,0,0
ENSRNOG00000000800,0,0,0,0
ENSRNOG00000020828,0,0,0,0
ENSRNOG00000050214,0,0,0,0
ENSRNOG00000003918,0,0,0,0
ENSRNOG00000003917,0,0,0,0
ENSRNOG00000009577,0,0,0,0
ENSRNOG00000020624,0,0,0,0
ENSRNOG00000005307,0,0,0,0
ENSRNOG00000014702,0,0,0,0
ENSRNOG00000016962,0,0,0,0
ENSRNOG00000018853,0,0,0,0
ENSRNOG00000053811,0,0,0,0
ENSRNOG00000037225,0,0,0,0
ENSRNOG00000037229,0,0,0,0
ENSRNOG00000029922,0,0,0,0
ENSRNOG00000017766,0,0,0,0
ENSRNOG00000014018,0,0,0,0
ENSRNOG00000000065,0,0,0,0
ENSRNOG00000054770,0,0,0,0
ENSRNOG00000018076,0,0,0,0
ENSRNOG00000004302,0,0,0,0
ENSRNOG00000010811,0,0,0,0
ENSRNOG00000055222,0,0,0,0
ENSRNOG00000016381,0,0,0,0
ENSRNOG00000055221,0,0,0,0
ENSRNOG00000050841,0,0,0,0
ENSRNOG00000050843,0,0,0,0
ENSRNOG00000055557,0,0,0,0
ENSRNOG00000022268,0,0,0,0
ENSRNOG00000000251,0,0,0,0
ENSRNOG00000008798,0,0,0,0
ENSRNOG00000019656,0,0,0,0
ENSRNOG00000025372,0,0,0,0
ENSRNOG00000008310,0,0,0,0
ENSRNOG00000060749,0,0,0,0
ENSRNOG00000016093,0,0,0,0
ENSRNOG00000011820,0,0,0,0
ENSRNOG00000021273,0,0,0,0
ENSRNOG00000000471,0,0,0,0
ENSRNOG00000006367,0,0,0,0
ENSRNOG00000005947,0,0,0,0
ENSRNOG00000007415,0,0,0,0
ENSRNOG00000007419,0,0,0,0
ENSRNOG00000001324,0,0,0,0
ENSRNOG00000056524,0,0,0,0
ENSRNOG00000006787,0,0,0,0
ENSRNOG00000006096,0,0,0,0
ENSRNOG00000046159,0,0,0,0
ENSRNOG00000056457,0,0,0,0
ENSRNOG00000005284,0,0,0,0
ENSRNOG00000013045,0,0,0,0
ENSRNOG00000033059,0,0,0,0
ENSRNOG00000001252,0,0,0,0
ENSRNOG00000050201,0,0,0,0
ENSRNOG00000050205,0,0,0,0
ENSRNOG00000054212,0,0,0,0
ENSRNOG00000054962,0,0,0,0
ENSRNOG00000057814,0,0,0,0
ENSRNOG00000027767,0,0,0,0
ENSRNOG00000004150,0,0,0,0
ENSRNOG00000010065,0,0,0,0
ENSRNOG00000010064,0,0,0,0
ENSRNOG00000032959,0,0,0,0
ENSRNOG00000048661,0,0,0,0
ENSRNOG00000009031,0,0,0,0
ENSRNOG00000017593,0,0,0,0
ENSRNOG00000004972,0,0,0,0
ENSRNOG00000017597,0,0,0,0
ENSRNOG00000029938,0,0,0,0
ENSRNOG00000016767,0,0,0,0
ENSRNOG00000037695,0,0,0,0
ENSRNOG00000011535,0,0,0,0
ENSRNOG00000023428,0,0,0,0
ENSRNOG00000002781,0,0,0,0
ENSRNOG00000045947,0,0,0,0
ENSRNOG00000016625,0,0,0,0
ENSRNOG00000054549,0,0,0,0
ENSRNOG00000008121,0,0,0,0
ENSRNOG00000046962,0,0,0,0
ENSRNOG00000019718,0,0,0,0
ENSRNOG00000016403,0,0,0,0
ENSRNOG00000026705,0,0,0,0
ENSRNOG00000013004,0,0,0,0
ENSRNOG00000019005,0,0,0,0
ENSRNOG00000033915,0,0,0,0
ENSRNOG00000014226,0,0,0,0
ENSRNOG00000012891,0,0,0,0
ENSRNOG00000012892,0,0,0,0
ENSRNOG00000012090,0,0,0,0
ENSRNOG00000029397,0,0,0,0
ENSRNOG00000007778,0,0,0,0
ENSRNOG00000022288,0,0,0,0
ENSRNOG00000007316,0,0,0,0
ENSRNOG00000008871,0,0,0,0
ENSRNOG00000014956,0,0,0,0
ENSRNOG00000024634,0,0,0,0
ENSRNOG00000052010,0,0,0,0
ENSRNOG00000007951,0,0,0,0
ENSRNOG00000013906,0,0,0,0
ENSRNOG00000056021,0,0,0,0
ENSRNOG00000050286,0,0,0,0
ENSRNOG00000002338,0,0,0,0
ENSRNOG00000017114,0,0,0,0
ENSRNOG00000002331,0,0,0,0
ENSRNOG00000042649,0,0,0,0
ENSRNOG00000034116,0,0,0,0
ENSRNOG00000020606,0,0,0,0
ENSRNOG00000009515,0,0,0,0
ENSRNOG00000004810,0,0,0,0
ENSRNOG00000049970,0,0,0,0
ENSRNOG00000006947,0,0,0,0
ENSRNOG00000005367,0,0,0,0
ENSRNOG00000009330,0,0,0,0
ENSRNOG00000054378,0,0,0,0
ENSRNOG00000022210,0,0,0,0
ENSRNOG00000028526,0,0,0,0
ENSRNOG00000000043,0,0,0,0
ENSRNOG00000005569,0,0,0,0
ENSRNOG00000054157,0,0,0,0
ENSRNOG00000037753,0,0,0,0
ENSRNOG00000058337,0,0,0,0
ENSRNOG00000003884,0,0,0,0
ENSRNOG00000031189,0,0,0,0
ENSRNOG00000025930,0,0,0,0
ENSRNOG00000058249,0,0,0,0
ENSRNOG00000026177,0,0,0,0
ENSRNOG00000059753,0,0,0,0
ENSRNOG00000059202,0,0,0,0
ENSRNOG00000003400,0,0,0,0
ENSRNOG00000050860,0,0,0,0
ENSRNOG00000018126,0,0,0,0
ENSRNOG00000019014,0,0,0,0
ENSRNOG00000048243,0,0,0,0
ENSRNOG00000046239,0,0,0,0
ENSRNOG00000009994,0,0,0,0
ENSRNOG00000012083,0,0,0,0
ENSRNOG00000008514,0,0,0,0
ENSRNOG00000008209,0,0,0,0
ENSRNOG00000010406,0,0,0,0
ENSRNOG00000015076,0,0,0,0
ENSRNOG00000002810,0,0,0,0
ENSRNOG00000003650,0,0,0,0
ENSRNOG00000015079,0,0,0,0
ENSRNOG00000045738,0,0,0,0
ENSRNOG00000013600,0,0,0,0
ENSRNOG00000013110,0,0,0,0
ENSRNOG00000001653,0,0,0,0
ENSRNOG00000020035,0,0,0,0
ENSRNOG00000020032,0,0,0,0
ENSRNOG00000001654,0,0,0,0
ENSRNOG00000011992,0,0,0,0
ENSRNOG00000042731,0,0,0,0
ENSRNOG00000014856,0,0,0,0
ENSRNOG00000020723,0,0,0,0
ENSRNOG00000015859,0,0,0,0
ENSRNOG00000036960,0,0,0,0
ENSRNOG00000013024,0,0,0,0
ENSRNOG00000009239,0,0,0,0
ENSRNOG00000005794,0,0,0,0
ENSRNOG00000030111,0,0,0,0
ENSRNOG00000058652,0,0,0,0
ENSRNOG00000020039,0,0,0,0
ENSRNOG00000049929,0,0,0,0
ENSRNOG00000016384,0,0,0,0
ENSRNOG00000018267,0,0,0,0
ENSRNOG00000049724,0,0,0,0
ENSRNOG00000033119,0,0,0,0
ENSRNOG00000003601,0,0,0,0
ENSRNOG00000052810,0,0,0,0
ENSRNOG00000011193,0,0,0,0
ENSRNOG00000047945,0,0,0,0
ENSRNOG00000032513,0,0,0,0
ENSRNOG00000046947,0,0,0,0
ENSRNOG00000011778,0,0,0,0
ENSRNOG00000008475,0,0,0,0
ENSRNOG00000008474,0,0,0,0
ENSRNOG00000008074,0,0,0,0
ENSRNOG00000010914,0,0,0,0
ENSRNOG00000012853,0,0,0,0
ENSRNOG00000017821,0,0,0,0
ENSRNOG00000047697,0,0,0,0
ENSRNOG00000046546,0,0,0,0
ENSRNOG00000000512,0,0,0,0
ENSRNOG00000055451,0,0,0,0
ENSRNOG00000055450,0,0,0,0
ENSRNOG00000008694,0,0,0,0
ENSRNOG00000019518,0,0,0,0
ENSRNOG00000012210,0,0,0,0
ENSRNOG00000000428,0,0,0,0
ENSRNOG00000056228,0,0,0,0
ENSRNOG00000052070,0,0,0,0
ENSRNOG00000006681,0,0,0,0
ENSRNOG00000013103,0,0,0,0
ENSRNOG00000029528,0,0,0,0
ENSRNOG00000046057,0,0,0,0
ENSRNOG00000010291,0,0,0,0
ENSRNOG00000020995,0,0,0,0
ENSRNOG00000052704,0,0,0,0
ENSRNOG00000059461,0,0,0,0
ENSRNOG00000057578,0,0,0,0
ENSRNOG00000056553,0,0,0,0
ENSRNOG00000051904,0,0,0,0
ENSRNOG00000024181,0,0,0,0
ENSRNOG00000013030,0,0,0,0
ENSRNOG00000001465,0,0,0,0
ENSRNOG00000001261,0,0,0,0
ENSRNOG00000028879,0,0,0,0
ENSRNOG00000060262,0,0,0,0
ENSRNOG00000000840,0,0,0,0
ENSRNOG00000014443,0,0,0,0
ENSRNOG00000042536,0,0,0,0
ENSRNOG00000006926,0,0,0,0
ENSRNOG00000053850,0,0,0,0
ENSRNOG00000000196,0,0,0,0
ENSRNOG00000005341,0,0,0,0
ENSRNOG00000051232,0,0,0,0
ENSRNOG00000015880,0,0,0,0
ENSRNOG00000009797,0,0,0,0
ENSRNOG00000009005,0,0,0,0
ENSRNOG00000004502,0,0,0,0
ENSRNOG00000010210,0,0,0,0
ENSRNOG00000002194,0,0,0,0
ENSRNOG00000011617,0,0,0,0
ENSRNOG00000014692,0,0,0,0
ENSRNOG00000055049,0,0,0,0
ENSRNOG00000002916,0,0,0,0
ENSRNOG00000015478,0,0,0,0
ENSRNOG00000011182,0,0,0,0
ENSRNOG00000010698,0,0,0,0
ENSRNOG00000016348,0,0,0,0
ENSRNOG00000052247,0,0,0,0
ENSRNOG00000033076,0,0,0,0
ENSRNOG00000052802,0,0,0,0
ENSRNOG00000019036,0,0,0,0
ENSRNOG00000003510,0,0,0,0
ENSRNOG00000019612,0,0,0,0
ENSRNOG00000012843,0,0,0,0
ENSRNOG00000012665,0,0,0,0
ENSRNOG00000017908,0,0,0,0
ENSRNOG00000027037,0,0,0,0
ENSRNOG00000012205,0,0,0,0
ENSRNOG00000019500,0,0,0,0
ENSRNOG00000013624,0,0,0,0
ENSRNOG00000000435,0,0,0,0
ENSRNOG00000042289,0,0,0,0
ENSRNOG00000012443,0,0,0,0
ENSRNOG00000007989,0,0,0,0
ENSRNOG00000021347,0,0,0,0
ENSRNOG00000025042,0,0,0,0
ENSRNOG00000046261,0,0,0,0
ENSRNOG00000056810,0,0,0,0
ENSRNOG00000046195,0,0,0,0
ENSRNOG00000020985,0,0,0,0
ENSRNOG00000033162,0,0,0,0
ENSRNOG00000053448,0,0,0,0
ENSRNOG00000014870,0,0,0,0
ENSRNOG00000014511,0,0,0,0
ENSRNOG00000003164,0,0,0,0
ENSRNOG00000051970,0,0,0,0
ENSRNOG00000011881,0,0,0,0
ENSRNOG00000006583,0,0,0,0
ENSRNOG00000012536,0,0,0,0
ENSRNOG00000005275,0,0,0,0
ENSRNOG00000005175,0,0,0,0
ENSRNOG00000050534,0,0,0,0
ENSRNOG00000057367,0,0,0,0
ENSRNOG00000014471,0,0,0,0
ENSRNOG00000005278,0,0,0,0
ENSRNOG00000050620,0,0,0,0
ENSRNOG00000006916,0,0,0,0
ENSRNOG00000057180,0,0,0,0
ENSRNOG00000020563,0,0,0,0
ENSRNOG00000010598,0,0,0,0
ENSRNOG00000031665,0,0,0,0
ENSRNOG00000031662,0,0,0,0
ENSRNOG00000016827,0,0,0,0
ENSRNOG00000016826,0,0,0,0
ENSRNOG00000014684,0,0,0,0
ENSRNOG00000057988,0,0,0,0
ENSRNOG00000010378,0,0,0,0
ENSRNOG00000015402,0,0,0,0
ENSRNOG00000019481,0,0,0,0
ENSRNOG00000017660,0,0,0,0
ENSRNOG00000019730,0,0,0,0
ENSRNOG00000049676,0,0,0,0
ENSRNOG00000016758,0,0,0,0
ENSRNOG00000016753,0,0,0,0
ENSRNOG00000016750,0,0,0,0
ENSRNOG00000003620,0,0,0,0
ENSRNOG00000025454,0,0,0,0
ENSRNOG00000012831,0,0,0,0
ENSRNOG00000008451,0,0,0,0
ENSRNOG00000015226,0,0,0,0
ENSRNOG00000019979,0,0,0,0
ENSRNOG00000055672,0,0,0,0
ENSRNOG00000052051,0,0,0,0
ENSRNOG00000016223,0,0,0,0
ENSRNOG00000060045,0,0,0,0
ENSRNOG00000060604,0,0,0,0
ENSRNOG00000025691,0,0,0,0
ENSRNOG00000008988,0,0,0,0
ENSRNOG00000007447,0,0,0,0
ENSRNOG00000021355,0,0,0,0
ENSRNOG00000038258,0,0,0,0
ENSRNOG00000020179,0,0,0,0
ENSRNOG00000013547,0,0,0,0
ENSRNOG00000024410,0,0,0,0
ENSRNOG00000014866,0,0,0,0
ENSRNOG00000021680,0,0,0,0
ENSRNOG00000020951,0,0,0,0
ENSRNOG00000020775,0,0,0,0
ENSRNOG00000011351,0,0,0,0
ENSRNOG00000036951,0,0,0,0
ENSRNOG00000011892,0,0,0,0
ENSRNOG00000012549,0,0,0,0
ENSRNOG00000056596,0,0,0,0
ENSRNOG00000001115,0,0,0,0
ENSRNOG00000009488,0,0,0,0
ENSRNOG00000018898,0,0,0,0
ENSRNOG00000002159,0,0,0,0
ENSRNOG00000014461,0,0,0,0
ENSRNOG00000009661,0,0,0,0
ENSRNOG00000058193,0,0,0,0
ENSRNOG00000006878,0,0,0,0
ENSRNOG00000054423,0,0,0,0
ENSRNOG00000059579,0,0,0,0
ENSRNOG00000036571,0,0,0,0
ENSRNOG00000008931,0,0,0,0
ENSRNOG00000020420,0,0,0,0
ENSRNOG00000018904,0,0,0,0
ENSRNOG00000005727,0,0,0,0
ENSRNOG00000008245,0,0,0,0
ENSRNOG00000014783,0,0,0,0
ENSRNOG00000010940,0,0,0,0
ENSRNOG00000023856,0,0,0,0
ENSRNOG00000019183,0,0,0,0
ENSRNOG00000019189,0,0,0,0
ENSRNOG00000059622,0,0,0,0
ENSRNOG00000045997,0,0,0,0
ENSRNOG00000004258,0,0,0,0
ENSRNOG00000047734,0,0,0,0
ENSRNOG00000032659,0,0,0,0
ENSRNOG00000046864,0,0,0,0
ENSRNOG00000007509,0,0,0,0
ENSRNOG00000007059,0,0,0,0
ENSRNOG00000018764,0,0,0,0
ENSRNOG00000026649,0,0,0,0
ENSRNOG00000048623,0,0,0,0
ENSRNOG00000008422,0,0,0,0
ENSRNOG00000014323,0,0,0,0
ENSRNOG00000015232,0,0,0,0
ENSRNOG00000047023,0,0,0,0
ENSRNOG00000047026,0,0,0,0
ENSRNOG00000016253,0,0,0,0
ENSRNOG00000022922,0,0,0,0
ENSRNOG00000008885,0,0,0,0
ENSRNOG00000008553,0,0,0,0
ENSRNOG00000017810,0,0,0,0
ENSRNOG00000052289,0,0,0,0
ENSRNOG00000019412,0,0,0,0
ENSRNOG00000006675,0,0,0,0
ENSRNOG00000012315,0,0,0,0
ENSRNOG00000028092,0,0,0,0
ENSRNOG00000027229,0,0,0,0
ENSRNOG00000033529,0,0,0,0
ENSRNOG00000013573,0,0,0,0
ENSRNOG00000021143,0,0,0,0
ENSRNOG00000013971,0,0,0,0
ENSRNOG00000003384,0,0,0,0
ENSRNOG00000006460,0,0,0,0
ENSRNOG00000015781,0,0,0,0
ENSRNOG00000031061,0,0,0,0
ENSRNOG00000031067,0,0,0,0
ENSRNOG00000008479,0,0,0,0
ENSRNOG00000005930,0,0,0,0
ENSRNOG00000061832,0,0,0,0
ENSRNOG00000006807,0,0,0,0
ENSRNOG00000003960,0,0,0,0
ENSRNOG00000004646,0,0,0,0
ENSRNOG00000051171,0,0,0,0
ENSRNOG00000055103,0,0,0,0
ENSRNOG00000016173,0,0,0,0
ENSRNOG00000031263,0,0,0,0
ENSRNOG00000059362,0,0,0,0
ENSRNOG00000049056,0,0,0,0
ENSRNOG00000055078,0,0,0,0
ENSRNOG00000002969,0,0,0,0
ENSRNOG00000005420,0,0,0,0
ENSRNOG00000000145,0,0,0,0
ENSRNOG00000049298,0,0,0,0
ENSRNOG00000052455,0,0,0,0
ENSRNOG00000016337,0,0,0,0
ENSRNOG00000049693,0,0,0,0
ENSRNOG00000023440,0,0,0,0
ENSRNOG00000032394,0,0,0,0
ENSRNOG00000016798,0,0,0,0
ENSRNOG00000019086,0,0,0,0
ENSRNOG00000008099,0,0,0,0
ENSRNOG00000023538,0,0,0,0
ENSRNOG00000002701,0,0,0,0
ENSRNOG00000012142,0,0,0,0
ENSRNOG00000043513,0,0,0,0
ENSRNOG00000012960,0,0,0,0
ENSRNOG00000008544,0,0,0,0
ENSRNOG00000045742,0,0,0,0
ENSRNOG00000045743,0,0,0,0
ENSRNOG00000001957,0,0,0,0
ENSRNOG00000002636,0,0,0,0
ENSRNOG00000007467,0,0,0,0
ENSRNOG00000046258,0,0,0,0
ENSRNOG00000034084,0,0,0,0
ENSRNOG00000023612,0,0,0,0
ENSRNOG00000060063,0,0,0,0
ENSRNOG00000002488,0,0,0,0
ENSRNOG00000029318,0,0,0,0
ENSRNOG00000026875,0,0,0,0
ENSRNOG00000025121,0,0,0,0
ENSRNOG00000053430,0,0,0,0
ENSRNOG00000021150,0,0,0,0
ENSRNOG00000000605,0,0,0,0
ENSRNOG00000003370,0,0,0,0
ENSRNOG00000017302,0,0,0,0
ENSRNOG00000001130,0,0,0,0
ENSRNOG00000057089,0,0,0,0
ENSRNOG00000020849,0,0,0,0
ENSRNOG00000009599,0,0,0,0
ENSRNOG00000042884,0,0,0,0
ENSRNOG00000027228,0,0,0,0
ENSRNOG00000013215,0,0,0,0
ENSRNOG00000054286,0,0,0,0
ENSRNOG00000009045,0,0,0,0
ENSRNOG00000040287,0,0,0,0
ENSRNOG00000015751,0,0,0,0
ENSRNOG00000020440,0,0,0,0
ENSRNOG00000049045,0,0,0,0
ENSRNOG00000025883,0,0,0,0
ENSRNOG00000051490,0,0,0,0
ENSRNOG00000018215,0,0,0,0
ENSRNOG00000017693,0,0,0,0
ENSRNOG00000017695,0,0,0,0
ENSRNOG00000015321,0,0,0,0
ENSRNOG00000040120,0,0,0,0
ENSRNOG00000055714,0,0,0,0
ENSRNOG00000019098,0,0,0,0
ENSRNOG00000002926,0,0,0,0
ENSRNOG00000019096,0,0,0,0
ENSRNOG00000003554,0,0,0,0
ENSRNOG00000023162,0,0,0,0
ENSRNOG00000015325,0,0,0,0
ENSRNOG00000015210,0,0,0,0
ENSRNOG00000033348,0,0,0,0
ENSRNOG00000003709,0,0,0,0
ENSRNOG00000042084,0,0,0,0
ENSRNOG00000022943,0,0,0,0
ENSRNOG00000012972,0,0,0,0
ENSRNOG00000022305,0,0,0,0
ENSRNOG00000017872,0,0,0,0
ENSRNOG00000032745,0,0,0,0
ENSRNOG00000028235,0,0,0,0
ENSRNOG00000021302,0,0,0,0
ENSRNOG00000053404,0,0,0,0
ENSRNOG00000001701,0,0,0,0
ENSRNOG00000006729,0,0,0,0
ENSRNOG00000001388,0,0,0,0
ENSRNOG00000013428,0,0,0,0
ENSRNOG00000056658,0,0,0,0
ENSRNOG00000009850,0,0,0,0
ENSRNOG00000021521,0,0,0,0
ENSRNOG00000030880,0,0,0,0
ENSRNOG00000027498,0,0,0,0
ENSRNOG00000020216,0,0,0,0
ENSRNOG00000058694,0,0,0,0
ENSRNOG00000050374,0,0,0,0
ENSRNOG00000057256,0,0,0,0
ENSRNOG00000001092,0,0,0,0
ENSRNOG00000061857,0,0,0,0
ENSRNOG00000013229,0,0,0,0
ENSRNOG00000014645,0,0,0,0
ENSRNOG00000005248,0,0,0,0
ENSRNOG00000051151,0,0,0,0
ENSRNOG00000032805,0,0,0,0
ENSRNOG00000059540,0,0,0,0
ENSRNOG00000017512,0,0,0,0
ENSRNOG00000020450,0,0,0,0
ENSRNOG00000010337,0,0,0,0
ENSRNOG00000004443,0,0,0,0
ENSRNOG00000002949,0,0,0,0
ENSRNOG00000002948,0,0,0,0
ENSRNOG00000004448,0,0,0,0
ENSRNOG00000011200,0,0,0,0
ENSRNOG00000028844,0,0,0,0
ENSRNOG00000018200,0,0,0,0
ENSRNOG00000003835,0,0,0,0
ENSRNOG00000002832,0,0,0,0
ENSRNOG00000002839,0,0,0,0
ENSRNOG00000016311,0,0,0,0
ENSRNOG00000014776,0,0,0,0
ENSRNOG00000004040,0,0,0,0
ENSRNOG00000000572,0,0,0,0
ENSRNOG00000037476,0,0,0,0
ENSRNOG00000022576,0,0,0,0
ENSRNOG00000024904,0,0,0,0
ENSRNOG00000054724,0,0,0,0
ENSRNOG00000011598,0,0,0,0
ENSRNOG00000011599,0,0,0,0
ENSRNOG00000021886,0,0,0,0
ENSRNOG00000008707,0,0,0,0
ENSRNOG00000007069,0,0,0,0
ENSRNOG00000002616,0,0,0,0
ENSRNOG00000026501,0,0,0,0
ENSRNOG00000007242,0,0,0,0
ENSRNOG00000036828,0,0,0,0
ENSRNOG00000012344,0,0,0,0
ENSRNOG00000010938,0,0,0,0
ENSRNOG00000007395,0,0,0,0
ENSRNOG00000056398,0,0,0,0
ENSRNOG00000053410,0,0,0,0
ENSRNOG00000013982,0,0,0,0
ENSRNOG00000003132,0,0,0,0
ENSRNOG00000019626,0,0,0,0
ENSRNOG00000001391,0,0,0,0
ENSRNOG00000013436,0,0,0,0
ENSRNOG00000014672,0,0,0,0
ENSRNOG00000001153,0,0,0,0
ENSRNOG00000001712,0,0,0,0
ENSRNOG00000007931,0,0,0,0
ENSRNOG00000010451,0,0,0,0
ENSRNOG00000005655,0,0,0,0
ENSRNOG00000042950,0,0,0,0
ENSRNOG00000009930,0,0,0,0
ENSRNOG00000029637,0,0,0,0
ENSRNOG00000008307,0,0,0,0
ENSRNOG00000018940,0,0,0,0
ENSRNOG00000018944,0,0,0,0
ENSRNOG00000030983,0,0,0,0
ENSRNOG00000014185,0,0,0,0
ENSRNOG00000032908,0,0,0,0
ENSRNOG00000017434,0,0,0,0
ENSRNOG00000005479,0,0,0,0
ENSRNOG00000014745,0,0,0,0
ENSRNOG00000004298,0,0,0,0
ENSRNOG00000004296,0,0,0,0
ENSRNOG00000011455,0,0,0,0
ENSRNOG00000043176,0,0,0,0
ENSRNOG00000061695,0,0,0,0
ENSRNOG00000015585,0,0,0,0
ENSRNOG00000015582,0,0,0,0
ENSRNOG00000061050,0,0,0,0
ENSRNOG00000011078,0,0,0,0
ENSRNOG00000000565,0,0,0,0
ENSRNOG00000018525,0,0,0,0
ENSRNOG00000047796,0,0,0,0
ENSRNOG00000059061,0,0,0,0
ENSRNOG00000019141,0,0,0,0
ENSRNOG00000014168,0,0,0,0
ENSRNOG00000042224,0,0,0,0
ENSRNOG00000017982,0,0,0,0
ENSRNOG00000008354,0,0,0,0
ENSRNOG00000047082,0,0,0,0
ENSRNOG00000061304,0,0,0,0
ENSRNOG00000022967,0,0,0,0
ENSRNOG00000016295,0,0,0,0
ENSRNOG00000022691,0,0,0,0
ENSRNOG00000002525,0,0,0,0
ENSRNOG00000013751,0,0,0,0
ENSRNOG00000012356,0,0,0,0
ENSRNOG00000017180,0,0,0,0
ENSRNOG00000021323,0,0,0,0
ENSRNOG00000012358,0,0,0,0
ENSRNOG00000000582,0,0,0,0
ENSRNOG00000000588,0,0,0,0
ENSRNOG00000043404,0,0,0,0
ENSRNOG00000003031,0,0,0,0
ENSRNOG00000007837,0,0,0,0
ENSRNOG00000014988,0,0,0,0
ENSRNOG00000025797,0,0,0,0
ENSRNOG00000013532,0,0,0,0
ENSRNOG00000038331,0,0,0,0
ENSRNOG00000042041,0,0,0,0
ENSRNOG00000013407,0,0,0,0
ENSRNOG00000056894,0,0,0,0
ENSRNOG00000018694,0,0,0,0
ENSRNOG00000020879,0,0,0,0
ENSRNOG00000057072,0,0,0,0
ENSRNOG00000051860,0,0,0,0
ENSRNOG00000039551,0,0,0,0
ENSRNOG00000057470,0,0,0,0
ENSRNOG00000028072,0,0,0,0
ENSRNOG00000061876,0,0,0,0
ENSRNOG00000017220,0,0,0,0
ENSRNOG00000030862,0,0,0,0
ENSRNOG00000017226,0,0,0,0
ENSRNOG00000050152,0,0,0,0
ENSRNOG00000009548,0,0,0,0
ENSRNOG00000000969,0,0,0,0
ENSRNOG00000050553,0,0,0,0
ENSRNOG00000005266,0,0,0,0
ENSRNOG00000020479,0,0,0,0
ENSRNOG00000057102,0,0,0,0
ENSRNOG00000004601,0,0,0,0
ENSRNOG00000009096,0,0,0,0
ENSRNOG00000009385,0,0,0,0
ENSRNOG00000028668,0,0,0,0
ENSRNOG00000004111,0,0,0,0
ENSRNOG00000010625,0,0,0,0
ENSRNOG00000059453,0,0,0,0
ENSRNOG00000032381,0,0,0,0
ENSRNOG00000049944,0,0,0,0
ENSRNOG00000010994,0,0,0,0
ENSRNOG00000018082,0,0,0,0
ENSRNOG00000052564,0,0,0,0
ENSRNOG00000003614,0,0,0,0
ENSRNOG00000055295,0,0,0,0
ENSRNOG00000026235,0,0,0,0
ENSRNOG00000056728,0,0,0,0
ENSRNOG00000015393,0,0,0,0
ENSRNOG00000048164,0,0,0,0
ENSRNOG00000016593,0,0,0,0
ENSRNOG00000015158,0,0,0,0
ENSRNOG00000006359,0,0,0,0
ENSRNOG00000008586,0,0,0,0
ENSRNOG00000025767,0,0,0,0
ENSRNOG00000051986,0,0,0,0
ENSRNOG00000011875,0,0,0,0
ENSRNOG00000017084,0,0,0,0
ENSRNOG00000024837,0,0,0,0
ENSRNOG00000017087,0,0,0,0
ENSRNOG00000056246,0,0,0,0
ENSRNOG00000029651,0,0,0,0
ENSRNOG00000020736,0,0,0,0
ENSRNOG00000003119,0,0,0,0
ENSRNOG00000024563,0,0,0,0
ENSRNOG00000021046,0,0,0,0
ENSRNOG00000001174,0,0,0,0
ENSRNOG00000053769,0,0,0,0
ENSRNOG00000057042,0,0,0,0
ENSRNOG00000030216,0,0,0,0
ENSRNOG00000007918,0,0,0,0
ENSRNOG00000012436,0,0,0,0
ENSRNOG00000028008,0,0,0,0
ENSRNOG00000057443,0,0,0,0
ENSRNOG00000001512,0,0,0,0
ENSRNOG00000027919,0,0,0,0
ENSRNOG00000050121,0,0,0,0
ENSRNOG00000027359,0,0,0,0
ENSRNOG00000009955,0,0,0,0
ENSRNOG00000009957,0,0,0,0
ENSRNOG00000009773,0,0,0,0
ENSRNOG00000057620,0,0,0,0
ENSRNOG00000057628,0,0,0,0
ENSRNOG00000059519,0,0,0,0
ENSRNOG00000020642,0,0,0,0
ENSRNOG00000058024,0,0,0,0
ENSRNOG00000050057,0,0,0,0
ENSRNOG00000051507,0,0,0,0
ENSRNOG00000029871,0,0,0,0
ENSRNOG00000036682,0,0,0,0
ENSRNOG00000005697,0,0,0,0
ENSRNOG00000036665,0,0,0,0
ENSRNOG00000010277,0,0,0,0
ENSRNOG00000011672,0,0,0,0
ENSRNOG00000049955,0,0,0,0
ENSRNOG00000017816,0,0,0,0
ENSRNOG00000018982,0,0,0,0
ENSRNOG00000049552,0,0,0,0
ENSRNOG00000015567,0,0,0,0
ENSRNOG00000015566,0,0,0,0
ENSRNOG00000011016,0,0,0,0
ENSRNOG00000018507,0,0,0,0
ENSRNOG00000061414,0,0,0,0
ENSRNOG00000022505,0,0,0,0
ENSRNOG00000054757,0,0,0,0
ENSRNOG00000061527,0,0,0,0
ENSRNOG00000032546,0,0,0,0
ENSRNOG00000011497,0,0,0,0
ENSRNOG00000055572,0,0,0,0
ENSRNOG00000007581,0,0,0,0
ENSRNOG00000008243,0,0,0,0
ENSRNOG00000019470,0,0,0,0
ENSRNOG00000006615,0,0,0,0
ENSRNOG00000025608,0,0,0,0
ENSRNOG00000012281,0,0,0,0
ENSRNOG00000046357,0,0,0,0
ENSRNOG00000055408,0,0,0,0
ENSRNOG00000029478,0,0,0,0
ENSRNOG00000014652,0,0,0,0
ENSRNOG00000000658,0,0,0,0
ENSRNOG00000007690,0,0,0,0
ENSRNOG00000018111,0,0,0,0
ENSRNOG00000029514,0,0,0,0
ENSRNOG00000015962,0,0,0,0
ENSRNOG00000056476,0,0,0,0
ENSRNOG00000056184,0,0,0,0
ENSRNOG00000027857,0,0,0,0
ENSRNOG00000013062,0,0,0,0
ENSRNOG00000016945,0,0,0,0
ENSRNOG00000042692,0,0,0,0
ENSRNOG00000005993,0,0,0,0
ENSRNOG00000001232,0,0,0,0
ENSRNOG00000010519,0,0,0,0
ENSRNOG00000004626,0,0,0,0
ENSRNOG00000058692,0,0,0,0
ENSRNOG00000030537,0,0,0,0
ENSRNOG00000030538,0,0,0,0
ENSRNOG00000020656,0,0,0,0
ENSRNOG00000005193,0,0,0,0
ENSRNOG00000005335,0,0,0,0
ENSRNOG00000000121,0,0,0,0
ENSRNOG00000004133,0,0,0,0
ENSRNOG00000049768,0,0,0,0
ENSRNOG00000032204,0,0,0,0
ENSRNOG00000058271,0,0,0,0
ENSRNOG00000016953,0,0,0,0
ENSRNOG00000010280,0,0,0,0
ENSRNOG00000005687,0,0,0,0
ENSRNOG00000059479,0,0,0,0
ENSRNOG00000010262,0,0,0,0
ENSRNOG00000011644,0,0,0,0
ENSRNOG00000010467,0,0,0,0
ENSRNOG00000003875,0,0,0,0
ENSRNOG00000032378,0,0,0,0
ENSRNOG00000010468,0,0,0,0
ENSRNOG00000017775,0,0,0,0
ENSRNOG00000054765,0,0,0,0
ENSRNOG00000052506,0,0,0,0
ENSRNOG00000008169,0,0,0,0
ENSRNOG00000018420,0,0,0,0
ENSRNOG00000017605,0,0,0,0
ENSRNOG00000003476,0,0,0,0
ENSRNOG00000047986,0,0,0,0
ENSRNOG00000002657,0,0,0,0
ENSRNOG00000046904,0,0,0,0
ENSRNOG00000018603,0,0,0,0
ENSRNOG00000016421,0,0,0,0
ENSRNOG00000029047,0,0,0,0
ENSRNOG00000029280,0,0,0,0
ENSRNOG00000060338,0,0,0,0
ENSRNOG00000060687,0,0,0,0
ENSRNOG00000033206,0,0,0,0
ENSRNOG00000034228,0,0,0,0
ENSRNOG00000025365,0,0,0,0
ENSRNOG00000047565,0,0,0,0
ENSRNOG00000003681,0,0,0,0
ENSRNOG00000046763,0,0,0,0
ENSRNOG00000010725,0,0,0,0
ENSRNOG00000025012,0,0,0,0
ENSRNOG00000021068,0,0,0,0
ENSRNOG00000001686,0,0,0,0
ENSRNOG00000013388,0,0,0,0
ENSRNOG00000017073,0,0,0,0
ENSRNOG00000025384,0,0,0,0
